1	0.9510911132688693
2	0.8401074581288982
3	0.7808218012642492
4	0.7290012021975368
5	0.6946713556700397
6	0.6691676036146345
7	0.6504280805538787
8	0.6316059575317572
9	0.6161712291459385
10	0.5995427396396145
11	0.5887357166286136
12	0.5781617781318868
13	0.568462870596215
14	0.5574400530554433
15	0.5508484835779138
16	0.5426267270355059
17	0.5348802452481789
18	0.529228272044321
19	0.5221536480986027
20	0.5180018291181632
21	0.5126913556413654
22	0.5058865850626326
23	0.5004363919321178
24	0.49688525171721004
25	0.49213587355913563
26	0.4882886241351999
27	0.48399685968732825
28	0.4790109567403838
29	0.47506589222301865
30	0.4721861724240594
31	0.46955284355545646
32	0.46495645500292127
33	0.46263349384982333
34	0.4589078673785572
35	0.45704985383587315
36	0.4526990943829889
37	0.45018881980930003
38	0.44739457432090296
39	0.4447748659511892
40	0.4421832158625877
41	0.43850365865619095
42	0.4367197675009074
43	0.43493126273531585
44	0.4322070144617401
45	0.4287624730032937
46	0.4278360834106254
47	0.4256359926104983
48	0.4234746099820198
49	0.4227213777786688
50	0.4187885802717613
51	0.41726621478795073
52	0.41614518776460263
53	0.41337270370439894
54	0.412632409317428
55	0.41012543335717455
56	0.40880053465905775
57	0.4068930072735492
58	0.4034724938561595
59	0.4038457314199029
60	0.4015652573308774
61	0.39996942748979786
62	0.3991953714863594
63	0.3966012355911042
64	0.39420645293387513
65	0.39422478842263786
66	0.39229930474868513
67	0.3906748572615941
68	0.38965519385889913
69	0.3876337402218256
70	0.3864517053902604
71	0.38507361489778025
72	0.3837841766854206
73	0.38247910515820477
74	0.3815054470736148
75	0.38063315053314917
76	0.37864862613415773
77	0.3770336648972939
78	0.376324676611156
79	0.37464396250484944
80	0.3742549516325272
81	0.3728054126801193
82	0.3710920008212678
83	0.37039166821883357
84	0.3689699325798236
85	0.3689390055828207
86	0.3671444038792528
87	0.365979925967068
88	0.3647826535572251
89	0.36388778684761597
90	0.36293912756532015
91	0.3614477108750945
92	0.3610514658017341
93	0.35979155687115544
94	0.3591305219875862
95	0.3586501340322063
96	0.3572548185426229
97	0.3562087919735671
98	0.3548162717302849
99	0.3541194485137337
100	0.3537140086680969
101	0.35151068611491915
102	0.35153388816207576
103	0.35098785560716605
104	0.34935383473562465
105	0.3491184548071535
106	0.34773145103992187
107	0.3465368704629844
108	0.3462040080608438
109	0.3453645536994568
110	0.34455388741970283
111	0.3430392489812206
112	0.3427022003662678
113	0.34212490665658196
114	0.3413474195416812
115	0.3403106746824715
116	0.3399035411639671
117	0.33923924150846246
118	0.3381892061937005
119	0.3379449213149246
120	0.33695527184987517
121	0.33537452054530303
122	0.33503190246222553
123	0.33474086471125253
124	0.33430628874168705
125	0.33370685935801797
126	0.33218090410222634
127	0.3317199891303256
128	0.3311689526723691
129	0.3303361500590471
130	0.3296457874505691
131	0.3284286236160861
132	0.32825606011192077
133	0.32723363625550833
134	0.32669311181882077
135	0.32629090671051714
136	0.3258468963099063
137	0.3244615698722555
138	0.3245269592199469
139	0.3240285782512182
140	0.32341310657135863
141	0.3225054460175168
142	0.32190724482246147
143	0.3212793476360856
144	0.3206828852627266
145	0.3199277119255182
146	0.31874818434770025
147	0.3183233715220621
148	0.31795991255031336
149	0.3178319285593518
150	0.3167243998267486
151	0.3164182042096421
152	0.31573961824928704
153	0.315501002263219
154	0.31466426620689897
155	0.31468203083404683
156	0.3134296032373441
157	0.31331050628653495
158	0.31267686153763097
159	0.31174886149955405
160	0.3111477398947574
161	0.31044389730288463
162	0.31017987532944746
163	0.30933923082155856
164	0.3093384493584773
165	0.30868803355839325
166	0.30858057140513134
167	0.30721241895641177
168	0.30703362886598135
169	0.3062493899251875
170	0.30556097292830153
171	0.30498972493002846
172	0.3051431623905967
173	0.30426626639610765
174	0.3036376893614952
175	0.3033426880492213
176	0.30293253261645275
177	0.3020864528300528
178	0.30175545128117826
179	0.30123083799624234
180	0.3007248199366238
181	0.30050160333701936
182	0.3001097878787028
183	0.2996575079055777
184	0.2987224223344772
185	0.29835033525714266
186	0.2982103825742784
187	0.2976573981452508
188	0.29741500443742097
189	0.29649809778380515
190	0.29620236065845296
191	0.2957772105839773
192	0.2954118564241781
193	0.29470526691539317
194	0.2944967115837703
195	0.2939986117748348
196	0.29376874463325486
197	0.29330207590202534
198	0.2927962819049811
199	0.2922747029988597
200	0.29149077386363287
201	0.291098271130048
202	0.2908696743240894
203	0.29037777973033285
204	0.2898485837415755
205	0.28945746624549146
206	0.28941928454997945
207	0.289273178830472
208	0.28878357499218904
209	0.2880710695556717
210	0.28749653220836574
211	0.2867972946652125
212	0.286570012117228
213	0.2863642672897451
214	0.28623819108094123
215	0.2852451005974013
216	0.2849562948258276
217	0.28421206084767636
218	0.2842344902789101
219	0.2837172099431529
220	0.28359875936695433
221	0.283459996617591
222	0.2831104569539084
223	0.2823126745058946
224	0.2818500951982793
225	0.28120102980746553
226	0.2807765022477515
227	0.28068940889349886
228	0.28005975918155773
229	0.2804354541928538
230	0.279312812451056
231	0.2788996609105176
232	0.27884006572186765
233	0.27855175368833013
234	0.2784061337565091
235	0.27793235671028915
236	0.27764275376782654
237	0.276879029488153
238	0.27641867234014983
239	0.27614198312606303
240	0.27567378791946173
241	0.27550881149414047
242	0.27514733805948305
243	0.2748063900548213
244	0.2743391368316867
245	0.273961874961418
246	0.2737831405848937
247	0.27339583491087927
248	0.27289528138393004
249	0.2724830855442165
250	0.2723108552505946
251	0.27198814934265364
252	0.27121122482317
253	0.27079129687299036
254	0.27066848153156386
255	0.27044440724125146
256	0.269847933410856
257	0.26951253810226367
258	0.2695461658869293
259	0.26935744843486736
260	0.26848949774876074
261	0.268879176926389
262	0.2678342727191859
263	0.26788455562367025
264	0.26765476126528526
265	0.2668285006157567
266	0.26668299039957755
267	0.266250663508334
268	0.2661280979100681
269	0.2656137700860839
270	0.26549460675447806
271	0.265241292835036
272	0.26471127604690975
273	0.264502593808693
274	0.26447710411864656
275	0.26362155503666024
276	0.2634328581614881
277	0.2634065430845518
278	0.2625654560426354
279	0.26239494117285017
280	0.262067254930148
281	0.26188630379093875
282	0.2610379848128558
283	0.26099474532854383
284	0.26103424416352605
285	0.26058694205486543
286	0.2604679208764994
287	0.2601071243260321
288	0.26002191980412176
289	0.25970598669181294
290	0.25920743199361657
291	0.25896615246858695
292	0.25872797596751945
293	0.2583132008744803
294	0.2576016676733589
295	0.25749494389291994
296	0.2576838696812883
297	0.25715588860755906
298	0.2569293998556017
299	0.25630022629535476
300	0.2562062410063514
301	0.25571903523584205
302	0.25546232571893396
303	0.2553954209474032
304	0.25497770924359986
305	0.2547788535586019
306	0.2545127882238528
307	0.25379109316367215
308	0.25403842982920166
309	0.2537458310861426
310	0.25326167625147067
311	0.253053419495466
312	0.25274945606120053
313	0.25257767441152196
314	0.25203479946648477
315	0.2517571085584765
316	0.2513985062349058
317	0.2512545981022502
318	0.25106194701247647
319	0.25059080568132786
320	0.25063926668335523
321	0.25031129575014766
322	0.25002694494284067
323	0.24984377217783227
324	0.2491543187585756
325	0.24929857578020942
326	0.24895911138718013
327	0.24884944946864188
328	0.2485577755779205
329	0.24835697469683582
330	0.2476242138222245
331	0.2474928976954711
332	0.247387468558527
333	0.24661064248684259
334	0.24667981538634035
335	0.24661511872323402
336	0.24597714818980568
337	0.24568828616642893
338	0.24564353892510282
339	0.24556412029989527
340	0.24546114701568822
341	0.24470179578530657
342	0.24499431170409408
343	0.2443071970610262
344	0.2442298087152396
345	0.2438282175548702
346	0.24366211797514548
347	0.2432696511785847
348	0.2429413936201012
349	0.24292662425196818
350	0.24248902595028526
351	0.24234105320502422
352	0.24227028981404963
353	0.24185333640280798
354	0.24172165189270003
355	0.24125093225060937
356	0.24150628666442145
357	0.2406354347018511
358	0.2406087197645931
359	0.24018854327315287
360	0.24040061245033353
361	0.2401565670775767
362	0.23944053862516873
363	0.2395780483735097
364	0.23919376456628644
365	0.23920137272726794
366	0.2386525701016861
367	0.23836435410653642
368	0.23804023413465433
369	0.2383282998646533
370	0.23773843415279394
371	0.23783699433965347
372	0.23743038979967337
373	0.2368184863782227
374	0.23696876462450864
375	0.2365709315324621
376	0.23617942304081885
377	0.23643214689862518
378	0.23590738307559986
379	0.23576048218997017
380	0.23511850317368116
381	0.2352596312838929
382	0.23497625959601187
383	0.23466313636246164
384	0.23461472962599486
385	0.23452360010001524
386	0.2342778310544664
387	0.23382961439036465
388	0.23371548536199377
389	0.23331339261302417
390	0.23327344432998856
391	0.23289002001328005
392	0.23296304175370483
393	0.23248208577333973
394	0.23237937882342802
395	0.23212839940134639
396	0.232068371067121
397	0.23153260267979117
398	0.23154857236846207
399	0.2311788859054192
400	0.23098693827103073
401	0.2308071789629876
402	0.23041582968279495
403	0.23030498224013699
404	0.23012913221187004
405	0.2299072365932037
406	0.22941957272126065
407	0.22933845421913188
408	0.2292700810949598
409	0.22905513764436616
410	0.2287879920578832
411	0.22869961851968335
412	0.22828783942506706
413	0.22796758574395148
414	0.22811005260055317
415	0.22774831928854983
416	0.22777668153951436
417	0.22744323301670705
418	0.22731189869441148
419	0.2268529331150731
420	0.22685550750664413
421	0.22648589733735236
422	0.22623677522420585
423	0.22617451682436304
424	0.22604356714155938
425	0.2256225161126776
426	0.22546612207749633
427	0.22521379304017874
428	0.22503837722824827
429	0.22508890170946175
430	0.22441226730993175
431	0.22486636377278366
432	0.22441767624322356
433	0.22434684961106977
434	0.22399250858211472
435	0.2235926357649653
436	0.22325131343940857
437	0.22304617144772368
438	0.22315062355116122
439	0.223050409418947
440	0.2223818836147127
441	0.22247870297239003
442	0.22214256988059933
443	0.22203926170543664
444	0.22185832891415078
445	0.22135588664987227
446	0.22151717232633897
447	0.22121895849855008
448	0.22116235078529878
449	0.22110445709337914
450	0.22060272090724095
451	0.22028710653420702
452	0.220102276564777
453	0.22005411599587427
454	0.21978247976949608
455	0.21968319524799867
456	0.21933668285005015
457	0.2194529684713367
458	0.2191342984758131
459	0.2189369099501118
460	0.21881061588673437
461	0.2185386244257971
462	0.21833733490491256
463	0.21861126523310973
464	0.2180169559887451
465	0.21777707815481165
466	0.21768308496574984
467	0.217631586488149
468	0.21729184941906182
469	0.2168320157209077
470	0.21665381736318487
471	0.21655231365751557
472	0.21644557637902284
473	0.21618792128380337
474	0.21620244656177665
475	0.21623353265726714
476	0.21565858377195607
477	0.21553627272177786
478	0.2154953454154809
479	0.21527078241648798
480	0.21509730865040044
481	0.21482325156685192
482	0.21485654211762406
483	0.21439644969128985
484	0.21397630744184595
485	0.21411267952969365
486	0.21375234110972507
487	0.21363512876584587
488	0.21350096232838123
489	0.21331858889806313
490	0.2132716719419514
491	0.2129937121319087
492	0.2127735156434695
493	0.2126056521607628
494	0.2123275344398242
495	0.2122087450316526
496	0.21206335422992206
497	0.21169079965180299
498	0.21166033888582395
499	0.2115956626283665
500	0.21148104052772343
501	0.21105991560822632
502	0.21080121424861847
503	0.21083902961613224
504	0.21035223738769296
505	0.21047505971411287
506	0.21012679876312135
507	0.21012394927409836
508	0.2099019605752542
509	0.20974093717479797
510	0.20951293813112565
511	0.20937462034632948
512	0.20909660873246008
513	0.20917824466702548
514	0.2084811052182159
515	0.20860387095265082
516	0.2082837788224828
517	0.20844888400628456
518	0.2081683669551677
519	0.20795487849836605
520	0.20778923644502695
521	0.2074628858923347
522	0.20739147668617036
523	0.20734677035116314
524	0.20713071523634363
525	0.2067513167141729
526	0.2065938326173934
527	0.20624018301802416
528	0.2063795166728595
529	0.20610594285299919
530	0.20592872751141797
531	0.2057653397159362
532	0.20570671731079357
533	0.20550993980731694
534	0.2052814106171505
535	0.2051565624126708
536	0.20482615459974074
537	0.20470769543722406
538	0.2044277397380998
539	0.20456522232822066
540	0.2041049852155493
541	0.20424650016492485
542	0.20383789522529752
543	0.20367176070329482
544	0.20344138409449763
545	0.20330926827690735
546	0.20304351355611747
547	0.20293008946912788
548	0.20291396939530748
549	0.20250255028274877
550	0.20254752550963862
551	0.2024005636610987
552	0.2021904166514707
553	0.20210229627329684
554	0.20179109541194667
555	0.20151508855728575
556	0.20156079877496208
557	0.20138534098437966
558	0.20113602281629706
559	0.2011153342487642
560	0.20094143258779906
561	0.20077692500894995
562	0.20038493301327306
563	0.2002634879106046
564	0.20027323712966472
565	0.2000968521901285
566	0.1998992491944826
567	0.19953063028260878
568	0.19958611543232674
569	0.1995063885313436
570	0.1991179306345937
571	0.19910646649328126
572	0.19886345764869534
573	0.19859267475130474
574	0.1984809700638956
575	0.19824863529128245
576	0.19857278829910624
577	0.19806118391745056
578	0.1976301234273592
579	0.19788608565315424
580	0.19747782662520713
581	0.19736330225143892
582	0.1970592370627015
583	0.1970067995355519
584	0.19703352493395265
585	0.19679461882692223
586	0.19677079709884018
587	0.19627606064964825
588	0.19624313395547943
589	0.19600113109260522
590	0.1957930427935736
591	0.19584721549620934
592	0.1955493438488877
593	0.19561596904977796
594	0.1951830538970677
595	0.1951630126938236
596	0.19501223452450347
597	0.19490335982583873
598	0.1947718921927826
599	0.1945363727677061
600	0.1943948996377277
601	0.1942948536959641
602	0.19399059199524316
603	0.19395875922530284
604	0.19379667872154002
605	0.1936140693408167
606	0.19342002824182863
607	0.19339519616260187
608	0.19311180611500928
609	0.1928500056508159
610	0.19280203777243968
611	0.1924310077899917
612	0.19261060247962686
613	0.19218841927200342
614	0.19211265426014038
615	0.19196953056370425
616	0.1919086553353165
617	0.19157395604909827
618	0.1915144313655942
619	0.19134654131599696
620	0.19101765019563444
621	0.19096032298451251
622	0.1907067956309945
623	0.19101913230851741
624	0.1907348033857145
625	0.19043129531276107
626	0.19050518091080093
627	0.19017720155277196
628	0.1897200697361708
629	0.18976886708176155
630	0.18966804783810357
631	0.1894959092031235
632	0.18937772161217034
633	0.18928901386054414
634	0.18902128254024
635	0.18897920521439088
636	0.1888263325025933
637	0.18852314358125855
638	0.1884227502693653
639	0.1882858198322831
640	0.18818027517135824
641	0.18795872049606444
642	0.18782990912825315
643	0.1877658845386222
644	0.18750843346226145
645	0.18712446571478694
646	0.18721571629809872
647	0.18679677765426764
648	0.18677885873690092
649	0.18688925945579318
650	0.18652633539042515
651	0.18650715565996154
652	0.18625139463264848
653	0.18615558923321612
654	0.18598788803576444
655	0.1862040034376205
656	0.18561488206342144
657	0.18550627190711444
658	0.18560389462473456
659	0.1853181835108943
660	0.18525192800426338
661	0.18512033089027738
662	0.18468385205998655
663	0.18471378273453504
664	0.1844567010515858
665	0.18442199337762
666	0.1843067896334378
667	0.1839222751107553
668	0.18400877428401344
669	0.18386409591781558
670	0.18381894408085755
671	0.18346543287497508
672	0.18325449819284845
673	0.18327276173331117
674	0.18290776988883084
675	0.18303657863468425
676	0.18289978839755305
677	0.1823278671429117
678	0.1824022221645662
679	0.18254729712053727
680	0.18230186099082424
681	0.18206841633980442
682	0.18189946606637578
683	0.18165496910240578
684	0.1818519535249623
685	0.18155915589542598
686	0.1812828839990869
687	0.18152017597048065
688	0.18113212798437395
689	0.18093875869210424
690	0.18068355533891134
691	0.18061170771277354
692	0.18057954984556138
693	0.18043001128321795
694	0.18028040928487712
695	0.1800460436790363
696	0.1797190368553846
697	0.17991928732392512
698	0.17975742194783081
699	0.17949756538411463
700	0.17976893613757677
701	0.1790474490651316
702	0.17900636455042235
703	0.17887394094911005
704	0.17891315024072552
705	0.17866032949467783
706	0.1785173311752052
707	0.17843092555889747
708	0.17827977542241782
709	0.178232953361053
710	0.17801058745060974
711	0.17778327095813473
712	0.177621026164834
713	0.17777853709420646
714	0.1775525612632637
715	0.17715950939525027
716	0.1772829574076068
717	0.17687679712995977
718	0.17679796183048058
719	0.17689027269798466
720	0.17643923176556495
721	0.17680163888090872
722	0.17633711981363628
723	0.17650683240905696
724	0.17628415532000305
725	0.17587595344369153
726	0.17567292274820964
727	0.1756931420387771
728	0.17554265659810636
729	0.17529107136999691
730	0.1753565165998148
731	0.1751376039662507
732	0.17491807544382368
733	0.17468833690901014
734	0.1748931511077758
735	0.17484434757340284
736	0.17457267711153757
737	0.1743018693792383
738	0.17408541495066665
739	0.17425711692848206
740	0.17384411412985515
741	0.17386436083058313
742	0.17394818551861596
743	0.17345223726087342
744	0.17348820360932193
745	0.17327003339672356
746	0.17304549558086343
747	0.17285223684733061
748	0.17277065537948072
749	0.17252014908913085
750	0.1726847301631405
751	0.17261734679262986
752	0.17235338343284692
753	0.1722652792259085
754	0.1722223653173746
755	0.17200847453998677
756	0.17172758501639518
757	0.17172578078563677
758	0.1717121308239893
759	0.1716458136971926
760	0.17134725906297554
761	0.17123853971408082
762	0.17121259826491608
763	0.17085363520013874
764	0.1708778074812975
765	0.17060278075941337
766	0.17056825749939833
767	0.17032093093301512
768	0.17026945624068268
769	0.17022656022555616
770	0.1700607039434919
771	0.16987725371673484
772	0.16993233929265425
773	0.16962766637529195
774	0.16962838690689197
775	0.16941702428402863
776	0.16941004907933604
777	0.16909330858164118
778	0.16905346474290628
779	0.1688433403692569
780	0.1684824446216922
781	0.16876336177217321
782	0.1685529998367176
783	0.1682917753875645
784	0.16843991569484357
785	0.16830831195475288
786	0.16796099308802453
787	0.16809674358799256
788	0.16770157244057146
789	0.16769296740502188
790	0.16740972593153158
791	0.16743520498398712
792	0.16727421963660624
793	0.16704392704886878
794	0.16698730931507824
795	0.16677221734687586
796	0.166755703557798
797	0.16659383483806742
798	0.16620511892002846
799	0.1664743604251955
800	0.1663428937864645
801	0.16623757808756034
802	0.16604613944936297
803	0.16598605740230138
804	0.1658487204541603
805	0.16580163002996362
806	0.1655336674108241
807	0.1653935313014219
808	0.1654875932192422
809	0.16527745588356116
810	0.16515555376410698
811	0.1650082629817758
812	0.16486164822068455
813	0.16462663769121877
814	0.16448632570648378
815	0.1644071448281785
816	0.16423924485177988
817	0.16460129708991733
818	0.16405954630423494
819	0.16390750879242535
820	0.16367097171351716
821	0.16379261673818277
822	0.16346279971672387
823	0.1635117270505489
824	0.16348519491593286
825	0.1632117705422237
826	0.1631782763870935
827	0.16322561025068802
828	0.16290110229674032
829	0.16274664485185134
830	0.16261034605505864
831	0.16269737270146561
832	0.16237304685253195
833	0.16237697244764948
834	0.16207292385868727
835	0.16203991152862676
836	0.1618649270173381
837	0.16192449446186138
838	0.1617358515820673
839	0.16158389114991387
840	0.16164522416989466
841	0.1613194562371489
842	0.16116224587014055
843	0.16085738464587315
844	0.1610739104038563
845	0.16083313329627177
846	0.16072407757462964
847	0.1606865330244986
848	0.16050360852352188
849	0.16033301138007572
850	0.16013285136160213
851	0.1601323531786355
852	0.16004675912645572
853	0.15965967038616147
854	0.1597021552201201
855	0.1598835221455084
856	0.15973853480618658
857	0.1592807022210487
858	0.1593565128908353
859	0.1589993145261194
860	0.15911595567028033
861	0.1588594186897509
862	0.1590589745281723
863	0.15867967871808278
864	0.15852018995975115
865	0.1583927435275797
866	0.158464734594929
867	0.15831891803673065
868	0.1582704563543847
869	0.15793989341203854
870	0.15800851488494932
871	0.1579296672102626
872	0.15766733263104737
873	0.15767469598935763
874	0.15752918014223818
875	0.1572938195349482
876	0.15731204163190798
877	0.1569664516179838
878	0.15685766209082191
879	0.15684635066937475
880	0.15683444908953423
881	0.15669558158074404
882	0.15630968937163117
883	0.15638386323127226
884	0.15632817993311493
885	0.15626642273971564
886	0.15586682690513842
887	0.1558179651352114
888	0.15578049537720134
889	0.1554591286872246
890	0.1557314965525683
891	0.15552150147837318
892	0.15544868265250453
893	0.15521550224336061
894	0.15508368790807725
895	0.1550616601647155
896	0.15490090201101195
897	0.15483700675970166
898	0.15477041329225608
899	0.1543004279008635
900	0.15445627293820427
901	0.15402536154422455
902	0.1541854769340012
903	0.15402813256739714
904	0.1537769006042449
905	0.1537593020803655
906	0.1540198287247099
907	0.15382437081241082
908	0.15357548664393053
909	0.15355027631642237
910	0.15332500604407356
911	0.1533412403859813
912	0.15300441369149284
913	0.15291029054480376
914	0.15287751167280184
915	0.1527697841892474
916	0.15266209057790456
917	0.15261662759556777
918	0.15217254066808444
919	0.15255277259575672
920	0.15225296555697188
921	0.15198474901496462
922	0.1518286292827297
923	0.15175294250445293
924	0.15177387679771992
925	0.1518552950653442
926	0.15168920396363383
927	0.1513961133200318
928	0.15133329648386223
929	0.15128650133852445
930	0.15119998901782353
931	0.15111224880781726
932	0.1508729657447552
933	0.1509149121124398
934	0.1506571954959822
935	0.15041215539761205
936	0.1503554443316842
937	0.1503300613016006
938	0.15014721282001037
939	0.15000670504753644
940	0.15007444190906014
941	0.1499076696095844
942	0.1495897982513663
943	0.14956222669595254
944	0.14953238115330678
945	0.14954059997482239
946	0.14929580853108382
947	0.14925515407160236
948	0.14908772530924605
949	0.1491301819465355
950	0.1490826833849883
951	0.1487166819201293
952	0.14862088462040957
953	0.1484039630738266
954	0.148414133463542
955	0.14827055027865932
956	0.14793411058840225
957	0.14810295828431622
958	0.14806339917649058
959	0.14803324386810096
960	0.14797848812946007
961	0.14775426659304197
962	0.14772516063565364
963	0.1476353172563145
964	0.14723102418521544
965	0.14720155260800083
966	0.14709609373292135
967	0.1471421364803283
968	0.14685931740495714
969	0.14690369744355508
970	0.14678740694491269
971	0.14655561142552856
972	0.14649418771530417
973	0.14633180470134233
974	0.14628987595706552
975	0.1461140331010329
976	0.1460117795533837
977	0.1460339263182394
978	0.1458370058533045
979	0.1457876396464931
980	0.14544469243181354
981	0.14545818446184827
982	0.14559340482298366
983	0.14543246145250371
984	0.1452873163573428
985	0.14528146584477686
986	0.14500028352388347
987	0.14490349064520397
988	0.1445170089270245
989	0.14472147545678404
990	0.14477702711326562
991	0.14432802667535602
992	0.14426167351781224
993	0.14420886249677936
994	0.14403365725583403
995	0.143945228700494
996	0.1437697341144737
997	0.14378549660836284
998	0.14364756777473625
999	0.1435665766791283
1000	0.1433620913982817
1001	0.14329538903678285
1002	0.14314328134808574
1003	0.14339450403649218
1004	0.14294261445156264
1005	0.14289053381602146
1006	0.14275982962978115
1007	0.14270649228747737
1008	0.14256777253707845
1009	0.1426366945398563
1010	0.1425233718366975
1011	0.14226560429095628
1012	0.14222228456669075
1013	0.14204260334034938
1014	0.14189940720917843
1015	0.14194834667824208
1016	0.14167072612165418
1017	0.14180732137154464
1018	0.14185915069130153
1019	0.14158917871091525
1020	0.14126379510060472
1021	0.14117606015204623
1022	0.14103405616505987
1023	0.14111135898223126
1024	0.1407312949758069
1025	0.14111305740428862
1026	0.14087731992140373
1027	0.14057365673533828
1028	0.14063328719289842
1029	0.14025499162924715
1030	0.14027992470828862
1031	0.14033048466886766
1032	0.14014876959105013
1033	0.14006664778980737
1034	0.13988934371292555
1035	0.13990772499901877
1036	0.13960543124191743
1037	0.13953728643811666
1038	0.139472053939749
1039	0.13953096027389675
1040	0.13908350528727667
1041	0.1391229210555185
1042	0.13919641273176483
1043	0.13901070778623928
1044	0.138714982271215
1045	0.13882764634319275
1046	0.13870927149999526
1047	0.138723272088976
1048	0.13841691426718838
1049	0.13824020797588943
1050	0.13821216023284852
1051	0.13809062943891445
1052	0.13801924169860447
1053	0.13811995005219524
1054	0.1378272672634578
1055	0.13780601426161485
1056	0.137586293629938
1057	0.13764792258870215
1058	0.13749528334135522
1059	0.13742044962121128
1060	0.13717897998181963
1061	0.13726707072239994
1062	0.13697494583222838
1063	0.1371429181696371
1064	0.13690803539002425
1065	0.13693077116237848
1066	0.13684189702686636
1067	0.13652019236628146
1068	0.1365715604490981
1069	0.13633376244881615
1070	0.13617167395345597
1071	0.1360593526227834
1072	0.13613710166590884
1073	0.13606316757863823
1074	0.13596274790466764
1075	0.1357714582691912
1076	0.1356594255515756
1077	0.13563450529650986
1078	0.13549098856782535
1079	0.13548508887285046
1080	0.1352964719502647
1081	0.13552680907508413
1082	0.13506549008358307
1083	0.13508226798374331
1084	0.13504743104148237
1085	0.13482438286071616
1086	0.13486104204144542
1087	0.1348077003350783
1088	0.13447625020103104
1089	0.13442786847182225
1090	0.1342740719127301
1091	0.13420964208883082
1092	0.13424955789756723
1093	0.13423987148608826
1094	0.133909152417424
1095	0.13387247316858586
1096	0.13385106906772815
1097	0.13393349537474925
1098	0.13366068558782448
1099	0.1335882950926676
1100	0.1335560213190351
1101	0.13339524112406434
1102	0.1331823900076129
1103	0.13312581453080619
1104	0.13283101258510288
1105	0.13293081858005037
1106	0.13285747949095492
1107	0.13279324859948874
1108	0.13269591794016194
1109	0.1324276872298634
1110	0.13241302194201993
1111	0.13222289251041813
1112	0.13207959932611138
1113	0.1320090372406904
1114	0.13210715559954428
1115	0.13201083702028998
1116	0.131786039319765
1117	0.1316296412477022
1118	0.13162814029422912
1119	0.1316914014897858
1120	0.1314904476220381
1121	0.13147471439370373
1122	0.13142688202439123
1123	0.13124647985132282
1124	0.1311309143024499
1125	0.13106858397791984
1126	0.1309915389200954
1127	0.1308852755346831
1128	0.1306734259686866
1129	0.13067893066379144
1130	0.13053969485610784
1131	0.13046173309564357
1132	0.1305950040693162
1133	0.13033286875347486
1134	0.1303428216184047
1135	0.12993252928735158
1136	0.1302200778342766
1137	0.1298916616600144
1138	0.1296054419180651
1139	0.12967464321149305
1140	0.12966320782140253
1141	0.1295761043678981
1142	0.12935912466122887
1143	0.1292008730616236
1144	0.12946105382718076
1145	0.12914614783974865
1146	0.12902674106598655
1147	0.1289997981307747
1148	0.12886123709498187
1149	0.1286370741091789
1150	0.12854875025926474
1151	0.128411643197701
1152	0.1286910343758782
1153	0.12858936362459528
1154	0.12822186182993955
1155	0.12843071350279536
1156	0.1281645346751005
1157	0.1279564456185358
1158	0.1278097496849263
1159	0.12788637944443443
1160	0.12770095312974927
1161	0.1278408922766441
1162	0.12760593231762443
1163	0.12749684441964781
1164	0.12744318907488475
1165	0.12747815355917644
1166	0.12725013378477107
1167	0.12727740475708127
1168	0.12701035422665233
1169	0.12685838679112266
1170	0.1269145615962985
1171	0.12674350702824463
1172	0.12659300781566554
1173	0.1265280953138141
1174	0.12645356213343928
1175	0.12639070206753858
1176	0.12635346434307382
1177	0.12642623749100135
1178	0.12618150596451794
1179	0.12620100571341578
1180	0.12584784410607905
1181	0.12577995016166899
1182	0.12591093282586205
1183	0.12566466746518493
1184	0.12558216749240272
1185	0.12541776323240497
1186	0.1254231184251933
1187	0.12534643735493783
1188	0.12518007406355675
1189	0.12505898254479536
1190	0.1250050041097168
1191	0.12485437704796656
1192	0.12478312771403305
1193	0.1247369047957517
1194	0.12466123700704003
1195	0.1245450056005286
1196	0.12442115613371381
1197	0.12450591124168169
1198	0.12428240342124319
1199	0.12437962884998535
1200	0.12393989312273311
1201	0.12391509845821057
1202	0.123988515538946
1203	0.12382684816081475
1204	0.12379444222912833
1205	0.12367269211015859
1206	0.12351828332244359
1207	0.12359666666701725
1208	0.12342589759430318
1209	0.1234187685013865
1210	0.12343250567083622
1211	0.12299655854085097
1212	0.12294160429103039
1213	0.12286410193031111
1214	0.12268266320570011
1215	0.12278816045028527
1216	0.12269323048543132
1217	0.12254572015604732
1218	0.12261753448481852
1219	0.12229782334094116
1220	0.12225382358845902
1221	0.1221992183377755
1222	0.12210171152373234
1223	0.12197887483019802
1224	0.12201167714430758
1225	0.12180380731455187
1226	0.12178892022429746
1227	0.12169573362777886
1228	0.12143456363621713
1229	0.12134060201333252
1230	0.12139644077275615
1231	0.12139879760914538
1232	0.1211099982487575
1233	0.12123579322809228
1234	0.12091488037568737
1235	0.12088395062947443
1236	0.12092699412187223
1237	0.12064790629777916
1238	0.12068584115819535
1239	0.12055551684597036
1240	0.12053083948694063
1241	0.12029428598097869
1242	0.12038964243822757
1243	0.12008775202661467
1244	0.11996684100356857
1245	0.12014826348182271
1246	0.11986194486254506
1247	0.11981925238935646
1248	0.11983921163026431
1249	0.11977431392793908
1250	0.11949506863465874
1251	0.11943305030497314
1252	0.11932429839282432
1253	0.11928384484202556
1254	0.11918460866669765
1255	0.11898005324868835
1256	0.11883384328875916
1257	0.11901898803976013
1258	0.1188322522438391
1259	0.11876484343368408
1260	0.11851682359366507
1261	0.11860844700047603
1262	0.11842373202034323
1263	0.11837737756485545
1264	0.11837755983971063
1265	0.11818666436217332
1266	0.1181247897884123
1267	0.11801881407002651
1268	0.11784885000969934
1269	0.11794782037660072
1270	0.11764635886294057
1271	0.11781401871087255
1272	0.11738799492106518
1273	0.1174023046206762
1274	0.1174412213605158
1275	0.11735432591275902
1276	0.1171537843306828
1277	0.11708600409908469
1278	0.11723349650587454
1279	0.11695242335117514
1280	0.11675537323042498
1281	0.11682390653515244
1282	0.11661004190868375
1283	0.11648307776919879
1284	0.11651512848143543
1285	0.11622572810016402
1286	0.11614227986105462
1287	0.11608534649137305
1288	0.11628704230757198
1289	0.11597355607829525
1290	0.11583893159415695
1291	0.1158170945740744
1292	0.1158171308807217
1293	0.11551865128200314
1294	0.11551608947778229
1295	0.11549109012233803
1296	0.11540291060780411
1297	0.1150912970865327
1298	0.11506891302305323
1299	0.11494686160908615
1300	0.11495730156767428
1301	0.11499319625192485
1302	0.11455694267407639
1303	0.11492110137848785
1304	0.11453784394473063
1305	0.1145493078874466
1306	0.11451612433578812
1307	0.11433631741104192
1308	0.1142941626340914
1309	0.11401535319001845
1310	0.11402976925202685
1311	0.11392201279635178
1312	0.11365403721984718
1313	0.11394681399996978
1314	0.11373564263166383
1315	0.11367151473823908
1316	0.11367909189780452
1317	0.1134378329352842
1318	0.11338166616659029
1319	0.11320621268984177
1320	0.11337024308352235
1321	0.11282019070023035
1322	0.11299572254951715
1323	0.11274759641897691
1324	0.11298665526581608
1325	0.11264199232765697
1326	0.11269901801990853
1327	0.11265871468587271
1328	0.1123632213035492
1329	0.11228598572003451
1330	0.11206438847152304
1331	0.11233579253965628
1332	0.1120756852969365
1333	0.11197152165438878
1334	0.11190410272305963
1335	0.11168977625190754
1336	0.11169949639480727
1337	0.11160522626914329
1338	0.11140092523710454
1339	0.11152177266783193
1340	0.11150129668543383
1341	0.1112338160909008
1342	0.11117241256432037
1343	0.11107711202714066
1344	0.11099109529976936
1345	0.11103981609942119
1346	0.11068944190535986
1347	0.11087833743856348
1348	0.11060102188053626
1349	0.11042098809044389
1350	0.11065598360181277
1351	0.11044832241195728
1352	0.11016435418221858
1353	0.11022436242301197
1354	0.11013716147594205
1355	0.10996615767637312
1356	0.11000327822366235
1357	0.10980885224224793
1358	0.10974368160185329
1359	0.10956093690016455
1360	0.10944902030431118
1361	0.10955345633058018
1362	0.10949891459021868
1363	0.10937748446409375
1364	0.1091376794188931
1365	0.10917386871397997
1366	0.10901735957603514
1367	0.10905842353805398
1368	0.10881267992173742
1369	0.10872734779994751
1370	0.10851621091466022
1371	0.10877031471443838
1372	0.10833291659734677
1373	0.10841134788711276
1374	0.10825208943941433
1375	0.10824871845884294
1376	0.10803474656189183
1377	0.10787830738480354
1378	0.10802546237349327
1379	0.10773093043595856
1380	0.10766516900926991
1381	0.10767870784019784
1382	0.1077026494777462
1383	0.10755685919148031
1384	0.10743400911237494
1385	0.10749080189866746
1386	0.10725841022074668
1387	0.10713498426852976
1388	0.10725279884948363
1389	0.10691714850953912
1390	0.10686964842897233
1391	0.10685214501760441
1392	0.10665029197953345
1393	0.1066988944848769
1394	0.10651131337952094
1395	0.10658297670861284
1396	0.10636224685298436
1397	0.10622035340436323
1398	0.10618831322488802
1399	0.10604186296868284
1400	0.10607253503505344
1401	0.10597099798568985
1402	0.1060002473517477
1403	0.1057192254021715
1404	0.10575192556104465
1405	0.105475981983527
1406	0.10553500350759165
1407	0.10540033640295646
1408	0.10540835473388212
1409	0.1052102714929215
1410	0.10500682990305434
1411	0.10516329719345138
1412	0.10493835469089294
1413	0.1049587166952032
1414	0.1048453122892983
1415	0.10472447144114236
1416	0.1047294628658993
1417	0.10442734202319119
1418	0.1044699213806262
1419	0.10447318556174551
1420	0.10416385993398755
1421	0.10428962618427395
1422	0.10405983433520617
1423	0.10394184167273034
1424	0.10395393959308538
1425	0.10373243349946003
1426	0.10380554791062593
1427	0.10347180996364572
1428	0.1036569792561537
1429	0.10348247638368027
1430	0.10319348831619289
1431	0.10339494174009024
1432	0.10314030994466322
1433	0.10318428099898683
1434	0.10304134822970712
1435	0.10312970352910467
1436	0.10272343355434047
1437	0.10270985937316576
1438	0.10256478317846833
1439	0.10262211175061299
1440	0.1026200402350775
1441	0.10229873672976743
1442	0.10238030500427912
1443	0.10234364011807065
1444	0.10215448452504776
1445	0.10209294540971758
1446	0.101861980540108
1447	0.10200165178846815
1448	0.10186465675534262
1449	0.10175999615065867
1450	0.10165158741567806
1451	0.10145707416358361
1452	0.10141252166512946
1453	0.1011220965328361
1454	0.10106683277351608
1455	0.10110735822261907
1456	0.10109369138872303
1457	0.1010203958990931
1458	0.10091200091051393
1459	0.10080949755842618
1460	0.1006043553078733
1461	0.10062988155803262
1462	0.1004959510662008
1463	0.10044247592108041
1464	0.10025556287856013
1465	0.100220161267891
1466	0.10035783297634443
1467	0.10003812035340102
1468	0.09999340721824602
1469	0.09983434471299601
1470	0.09967555219891219
1471	0.09962076069077025
1472	0.09952532237040879
1473	0.09940178598886265
1474	0.09948359420459287
1475	0.09928625464344142
1476	0.09936577191509784
1477	0.09917405319928015
1478	0.09901460413878281
1479	0.0990993552224625
1480	0.09891708785177189
1481	0.0988657639092623
1482	0.09867010762464545
1483	0.09870049455703796
1484	0.09872770419355106
1485	0.09861376977448007
1486	0.09836703704141109
1487	0.09821128637659253
1488	0.09818536922803216
1489	0.09808547284946924
1490	0.09806287416342167
1491	0.09800361970603332
1492	0.0978416541967863
1493	0.09783873968807619
1494	0.0976976515825699
1495	0.09765261672335321
1496	0.09750512596382999
1497	0.09749770088217831
1498	0.09726573344196522
1499	0.0973385385904331
1500	0.09714223517129056
1501	0.09689272553324066
1502	0.09674307862203517
1503	0.09689371892008725
1504	0.09664255281907001
1505	0.0966873804134368
1506	0.09628874529657434
1507	0.09660610227277987
1508	0.09627059897432665
1509	0.0964266060240479
1510	0.09626161466807409
1511	0.09622420039660501
1512	0.09623294081623328
1513	0.09608087393283585
1514	0.09598875151212241
1515	0.09600504757794903
1516	0.09582439679506034
1517	0.09581625965929019
1518	0.09569425956595806
1519	0.09561083795497194
1520	0.09553696812322889
1521	0.09539993840151378
1522	0.09521132239195004
1523	0.0951651604721573
1524	0.09509942509541355
1525	0.09509490489376406
1526	0.09487595152645759
1527	0.09486853753005635
1528	0.09465190770898158
1529	0.0947328774492153
1530	0.09456716166380183
1531	0.09428714751671696
1532	0.09449183296698559
1533	0.09427442540777538
1534	0.09418955260299527
1535	0.09406669458504574
1536	0.09410651284702024
1537	0.0940208762141196
1538	0.09380684297838408
1539	0.09377690378066308
1540	0.09375753376741935
1541	0.0937351839182698
1542	0.09355308730891197
1543	0.09351964163697236
1544	0.09352476709425567
1545	0.0933850535429189
1546	0.09303785139080543
1547	0.09308344269055793
1548	0.09311073650701493
1549	0.0927779883797618
1550	0.09270330137829216
1551	0.09279380141605642
1552	0.09286691806727633
1553	0.0925461460021169
1554	0.09247627321283546
1555	0.09250240209907083
1556	0.09241310677747012
1557	0.09212003083798487
1558	0.09212260680687717
1559	0.09224901354441987
1560	0.09199088604349542
1561	0.09192889228773106
1562	0.0918823352555192
1563	0.09176458108128203
1564	0.09175335135964684
1565	0.09166083578629043
1566	0.09174647649941575
1567	0.09152318686245219
1568	0.09147034444194402
1569	0.09111479637905628
1570	0.09123109283615126
1571	0.091224924217438
1572	0.09100389662330141
1573	0.09094842934119146
1574	0.09061533327558921
1575	0.09073127506133744
1576	0.0908566227843458
1577	0.09042717164533727
1578	0.09047382056834635
1579	0.09050233848930615
1580	0.09044742412609028
1581	0.09028906811631565
1582	0.09017354571644924
1583	0.09021305273237924
1584	0.09006711514855091
1585	0.08990643827012962
1586	0.08989626534872601
1587	0.08979665349530676
1588	0.08973689196043583
1589	0.08954266890147236
1590	0.08946805499543138
1591	0.0893999997484296
1592	0.08938440112176137
1593	0.08932162527528362
1594	0.08928248342665888
1595	0.08899170488840534
1596	0.08905509322532205
1597	0.0890905193269637
1598	0.08860529382878372
1599	0.08901451638223229
1600	0.08859750744623014
1601	0.0884887253313741
1602	0.08850336928497532
1603	0.08842195663350305
1604	0.08844650891041292
1605	0.08846810145636383
1606	0.08829575022241733
1607	0.08820184228511677
1608	0.08812576682987355
1609	0.08800750798985572
1610	0.08797835872330807
1611	0.08768798845323306
1612	0.08758920761136016
1613	0.0877258065999046
1614	0.08759575332441814
1615	0.08763402567032237
1616	0.08738415457338362
1617	0.08742337609764267
1618	0.08731271064168969
1619	0.08721238156937419
1620	0.08701641641585985
1621	0.08694688333623964
1622	0.08693434398238178
1623	0.08678834442890881
1624	0.08686985023213731
1625	0.08667868960558187
1626	0.08659959715976222
1627	0.08636484120292336
1628	0.08638141860819928
1629	0.08651929833916575
1630	0.08628148957763226
1631	0.08610211024269548
1632	0.08613291735276311
1633	0.08597834454005043
1634	0.08584775961565896
1635	0.08573033272115575
1636	0.08561681795493196
1637	0.085669303148268
1638	0.08559760862521912
1639	0.08534969285132775
1640	0.08546105176677868
1641	0.08527908081858436
1642	0.08518245603426369
1643	0.08513841718857393
1644	0.08518113999188869
1645	0.08497418978564038
1646	0.08502689995676055
1647	0.084887397674006
1648	0.08463044226038936
1649	0.08457524429235401
1650	0.08452537789801857
1651	0.08445097680987695
1652	0.08436451403947115
1653	0.0843817135136404
1654	0.08409039836411251
1655	0.08386817697384844
1656	0.08404044066124702
1657	0.08408228008919552
1658	0.08393790798726494
1659	0.08393024803282385
1660	0.08375268519457241
1661	0.08365374783737929
1662	0.08359086802873429
1663	0.0833243510311284
1664	0.08338648328746125
1665	0.08342548125903008
1666	0.08337821626306612
1667	0.08302845878891786
1668	0.08324807961953484
1669	0.08290309831277642
1670	0.08282407217033107
1671	0.08286774283616496
1672	0.08287936499905867
1673	0.08280883648347583
1674	0.08255661215166166
1675	0.08268456075444991
1676	0.08249912513760131
1677	0.08240092801489492
1678	0.0824214767144551
1679	0.08236348817918188
1680	0.08205322359739828
1681	0.08191490035663687
1682	0.08212315787595457
1683	0.08178990425258398
1684	0.08181636982550067
1685	0.08184798554003786
1686	0.08158333519096858
1687	0.08160357267206635
1688	0.08137645770955432
1689	0.08151488486162194
1690	0.0814111870304741
1691	0.08111436223404928
1692	0.08142075040864719
1693	0.08100065935849976
1694	0.08113201347922315
1695	0.08108543939497186
1696	0.0807204080782174
1697	0.0809353441044655
1698	0.08072456228213493
1699	0.080775917013524
1700	0.08058909786602263
1701	0.08054264415093208
1702	0.0805875471606651
1703	0.08031025057680924
1704	0.08042367376719944
1705	0.0800813162756285
1706	0.08021639604456504
1707	0.08003978176437312
1708	0.07986402308838952
1709	0.0800022572786991
1710	0.079829322458239
1711	0.07968022449520469
1712	0.07961296145379708
1713	0.07956662801471943
1714	0.07948914425818594
1715	0.0792553994259277
1716	0.07947378586335357
1717	0.07923606523443344
1718	0.07932584841424128
1719	0.0791025361845625
1720	0.07907144240704347
1721	0.07899918778949584
1722	0.07878836277218264
1723	0.07869002068304648
1724	0.07872936244701652
1725	0.07865865492548521
1726	0.07841358964177958
1727	0.07846568194005467
1728	0.07858930703134863
1729	0.07828713148744439
1730	0.0781219345607725
1731	0.07822158758096043
1732	0.07792678769011238
1733	0.07774751046784491
1734	0.07785967028284001
1735	0.07792301578247372
1736	0.07772403988784547
1737	0.07770087942780583
1738	0.07751204890050903
1739	0.07770870411277557
1740	0.07737120929215419
1741	0.07736610605511131
1742	0.07736214758143978
1743	0.07707698918185328
1744	0.07718187095777247
1745	0.07671893153519285
1746	0.07681410467258623
1747	0.07682767053880755
1748	0.07675860227196907
1749	0.07676500568270198
1750	0.07672738306588253
1751	0.07654439986900552
1752	0.0763301573732862
1753	0.07630536956488673
1754	0.07614145211383326
1755	0.07599150703398239
1756	0.07611715522850128
1757	0.07592892561405169
1758	0.07606410144020853
1759	0.07598496020934206
1760	0.07580791576808785
1761	0.07587647740815474
1762	0.07556174605015932
1763	0.07522083478111732
1764	0.07540762435254388
1765	0.0752408593668936
1766	0.07517182830281514
1767	0.07499437985877729
1768	0.07509288599927777
1769	0.07493297984186646
1770	0.074852253085147
1771	0.07503574048767486
1772	0.07476253679594932
1773	0.07469181461338154
1774	0.074590618783359
1775	0.07444290379069005
1776	0.07443337830199169
1777	0.07426609916651271
1778	0.07429743187373843
1779	0.0740866359745957
1780	0.07406469206029334
1781	0.07415850401744822
1782	0.0738440643194908
1783	0.07378060832397447
1784	0.07383129158194944
1785	0.07366779935036283
1786	0.07372654550384551
1787	0.07326250803304107
1788	0.07340948534223296
1789	0.07316903698802715
1790	0.07309806420706319
1791	0.07311734200748043
1792	0.07309974945659069
1793	0.07339774697469037
1794	0.07259216267389625
1795	0.07277283237864564
1796	0.07272342773988498
1797	0.07269491692122525
1798	0.0726698904433254
1799	0.07219084245225395
1800	0.07244775598738759
1801	0.072219709240406
1802	0.07216987945102103
1803	0.07204459133516386
1804	0.0720250068950837
1805	0.0720099560251401
1806	0.07177347541216922
1807	0.07187188386438868
1808	0.07185837771972459
1809	0.07142217511910047
1810	0.07160259717517578
1811	0.07113649108680695
1812	0.07138540806503348
1813	0.0711057799029599
1814	0.07127822302727617
1815	0.0709162272440591
1816	0.0709122572126711
1817	0.07104300731830585
1818	0.0707252426181536
1819	0.07085266706828926
1820	0.07047511134054375
1821	0.07045444978952842
1822	0.0706714306965448
1823	0.07033592033843022
1824	0.07022518525422371
1825	0.07032810210176613
1826	0.07004893961191619
1827	0.07013631775424811
1828	0.07010838127623473
1829	0.06988446588973644
1830	0.06994625539221738
1831	0.069708015200258
1832	0.06973223529783085
1833	0.06935307909471886
1834	0.06960885320512245
1835	0.06950858506051412
1836	0.06947453204790906
1837	0.06942696111360323
1838	0.06895779317190129
1839	0.06914175666768795
1840	0.06889805934195015
1841	0.06900664594581386
1842	0.0689778230367027
1843	0.06874307684028484
1844	0.06848770781634464
1845	0.0687463268396957
1846	0.06862034267986053
1847	0.0686690962647802
1848	0.06842601497184725
1849	0.06827515947806644
1850	0.06820130648170039
1851	0.06816273386946867
1852	0.06803506847749266
1853	0.06802945760839502
1854	0.06788792286743552
1855	0.06770098544706447
1856	0.06762567594253817
1857	0.0677864973404636
1858	0.06735428995376616
1859	0.0676649271069486
1860	0.06740056018263578
1861	0.06736954606314534
1862	0.06716865381272283
1863	0.06710527893699941
1864	0.06706408490082864
1865	0.06709474706093482
1866	0.06695298518959218
1867	0.06695246411840869
1868	0.0671561295523697
1869	0.06656135276518647
1870	0.06646025107955217
1871	0.06646241705067676
1872	0.06655653828561726
1873	0.06632493905988922
1874	0.06632745129786358
1875	0.06631956673566816
1876	0.06605476483054541
1877	0.06617005703062129
1878	0.06596527071088225
1879	0.06578279720158871
1880	0.06570416008162418
1881	0.06589632146547539
1882	0.06573585432698452
1883	0.06555233603554528
1884	0.0655599559402684
1885	0.06541019860145891
1886	0.06522242079015907
1887	0.06528550009847224
1888	0.06511287873180802
1889	0.06504065012132082
1890	0.06527556240474251
1891	0.06488497565265329
1892	0.06494940274198797
1893	0.06489078813133348
1894	0.06459001480980127
1895	0.06458106186555407
1896	0.06448510382447056
1897	0.06440594520264625
1898	0.06430861514562199
1899	0.06428654851474971
1900	0.06413252074113082
1901	0.06407153482075033
1902	0.06414762266689802
1903	0.06382822672710119
1904	0.0639571127632393
1905	0.06370787917387968
1906	0.0638438144258932
1907	0.06366600269822628
1908	0.06334538194065784
1909	0.06345280763434458
1910	0.0633021758078782
1911	0.06346428925572095
1912	0.06310435095038872
1913	0.06330438604521364
1914	0.06325158827435172
1915	0.06299321155495477
1916	0.06291750998368735
1917	0.06284088566170135
1918	0.06294016749809485
1919	0.06251979731450164
1920	0.062495760589775615
1921	0.0626137003100983
1922	0.06215034559467458
1923	0.06243109825924826
1924	0.06212000746748791
1925	0.06231543738337307
1926	0.06205493260486437
1927	0.06197845149509809
1928	0.0619397445871335
1929	0.06186057469209856
1930	0.061782542121407893
1931	0.0615808559012795
1932	0.06137088382370609
1933	0.06147220599501479
1934	0.06124993807282175
1935	0.06137105039996668
1936	0.061191977671250924
1937	0.06134228331861429
1938	0.06118267006598734
1939	0.06087582747161855
1940	0.06122196293253098
1941	0.060929698960425105
1942	0.060764748637835195
1943	0.06070347677035062
1944	0.06061540079535302
1945	0.06054842583582836
1946	0.06016383651266117
1947	0.06030087423553709
1948	0.06039311041429843
1949	0.06036777455907924
1950	0.06002696027346568
1951	0.06005410237571666
1952	0.0600833278691064
1953	0.0600798802556549
1954	0.059721748543299966
1955	0.05964161993603057
1956	0.05958907563267078
1957	0.059463473067703686
1958	0.059460927091972204
1959	0.059460532095325064
1960	0.059286415386258916
1961	0.05935680981537492
1962	0.059360286770085716
1963	0.059209488645996865
1964	0.05904563504745391
1965	0.05898379281036239
1966	0.058886484237401185
1967	0.05861430133001196
1968	0.05876861532046333
1969	0.0588997215465087
1970	0.05843845228105822
1971	0.058399315497312726
1972	0.05837165127202309
1973	0.05825073858394305
1974	0.05862686634931353
1975	0.05839713272792106
1976	0.05815266655802093
1977	0.05766947262067336
1978	0.05809772679341915
1979	0.05809482101709837
1980	0.057651328794574
1981	0.05813600990740298
1982	0.05757686076911089
1983	0.05767808515801608
1984	0.057697282911789195
1985	0.05739442864987937
1986	0.05736115822020367
1987	0.057236621994810694
1988	0.057537799813861465
1989	0.05732387252544076
1990	0.05706165142264741
1991	0.05708153623691877
1992	0.056969185901678
1993	0.05710527714486238
1994	0.05666412887016352
1995	0.056736115872972316
1996	0.056759157196307204
1997	0.05675319339854457
1998	0.05655937580138048
1999	0.05657763142933756
2000	0.05646619933354627
2001	0.056595940241478786
2002	0.05651164972767422
2003	0.05635690725472506
2004	0.05630118932103248
2005	0.056245070393368055
2006	0.05618233776609418
2007	0.055927487347141334
2008	0.05596238406104861
2009	0.05583619698965243
2010	0.05562905513172777
2011	0.05579396209715814
2012	0.05572039788750498
2013	0.055674523323266695
2014	0.05555196993975122
2015	0.05574867457359792
2016	0.0553337271291746
2017	0.05541647713578989
2018	0.055469455331758726
2019	0.05528076960888837
2020	0.0553304438169401
2021	0.05494957038886622
2022	0.05541319631112205
2023	0.05536118406767252
2024	0.054910252004116394
2025	0.054965184420906386
2026	0.05487156821279997
2027	0.05527338623591361
2028	0.05473332800020625
2029	0.054832742288117325
2030	0.054807107396385064
2031	0.054301026061338166
2032	0.055132918752031725
2033	0.05493763866570678
2034	0.05452380783650011
2035	0.05488885576122464
2036	0.05477493173951638
2037	0.054583251015922055
2038	0.054714960135616664
2039	0.05457893622757246
2040	0.0545427265748211
2041	0.054394544706741675
2042	0.05472068702186074
2043	0.05460918130809493
2044	0.05465762970171459
2045	0.054470926651524774
2046	0.054408026048785293
2047	0.05459938906782558
2048	0.05442131330577844
2049	0.05466101939677169
2050	0.05426453229548301
2051	0.054355910739545765
2052	0.054173692036343146
2053	0.05414349471525275
2054	0.0545390422415079
2055	0.05431938791232721
2056	0.05450195003204986
2057	0.05425430682875716
2058	0.05460132013623897
2059	0.05428415566006198
2060	0.05415538754616346
2061	0.053899006783505544
2062	0.054033948057823196
2063	0.05401644341602424
2064	0.054234421184948506
2065	0.053979958377370706
2066	0.05409731963971739
2067	0.05406569280943678
2068	0.054029499407586
2069	0.05416952419375288
2070	0.053856814248993475
2071	0.05369793699433644
2072	0.05363064027394273
2073	0.05395495972794964
2074	0.053529783759153106
2075	0.05352388785298465
2076	0.05333912865389678
2077	0.05329089332172116
2078	0.05339311587991414
2079	0.053545242308323665
2080	0.05312376353904117
2081	0.0533223149515021
2082	0.053455089194350214
2083	0.05288600665127102
2084	0.05299123427641906
2085	0.05310334523777965
2086	0.05278476746058973
2087	0.05293164256322323
2088	0.05303197669954091
2089	0.05286826618476236
2090	0.052925536408750126
2091	0.0526834765681809
2092	0.05307340523035793
2093	0.0525855168973286
2094	0.052484433407988425
2095	0.052736900075335005
2096	0.05228219864274233
2097	0.052522170257137304
2098	0.05233257942544541
2099	0.05233071176940914
2100	0.05244796190719023
2101	0.052429692546864234
2102	0.052410811606023344
2103	0.05186230311674095
2104	0.05220698300414093
2105	0.05194781577480108
2106	0.05189626024109494
2107	0.05191304993326198
2108	0.051773504472907426
2109	0.05187676981550167
2110	0.05158090587298072
2111	0.05168437764020066
2112	0.05163906367958651
2113	0.05146455308845537
2114	0.05145265328752244
2115	0.05165680035694743
2116	0.05156463032177129
2117	0.05145590969827252
2118	0.05126840310267959
2119	0.051464270857142884
2120	0.05109855230706529
2121	0.05143847220204533
2122	0.05106479466465813
2123	0.051327526190979675
2124	0.0508104568865523
2125	0.05128952773220886
2126	0.05121092158633667
2127	0.050943278399427576
2128	0.05089424378464713
2129	0.050412476384350736
2130	0.050849949968279656
2131	0.0508334892208098
2132	0.05026643802080006
2133	0.05110795075622431
2134	0.05029585995533942
2135	0.050321256211561055
2136	0.050724467195408594
2137	0.05036925219103166
2138	0.050610132864682224
2139	0.05014235408532899
2140	0.05000284621384304
2141	0.04974391722310614
2142	0.05014457128317432
2143	0.04994675582133172
2144	0.049819026032843265
2145	0.049719059054688756
2146	0.05008464238714828
2147	0.049581839565751906
2148	0.04971995851204278
2149	0.04948394133606408
2150	0.049532439250328235
2151	0.049784852221665316
2152	0.04942947594878167
2153	0.04910457020091253
2154	0.049222921049042315
2155	0.04946302815147562
2156	0.04899847409754677
2157	0.049495667735214036
2158	0.0491609271683776
2159	0.04871632005568824
2160	0.04929110416878249
2161	0.04830062131272548
2162	0.048912669491112455
2163	0.0488291872594939
2164	0.048941084910890345
2165	0.04851135824921985
2166	0.048606482261885346
2167	0.04869498257823012
2168	0.04854840021662862
2169	0.048364246056739224
2170	0.048367230166358174
2171	0.04869115513886062
2172	0.04857453077733068
2173	0.048117498007691106
2174	0.04833894491174373
2175	0.04796815131130949
2176	0.04856051045540976
2177	0.047659591620757044
2178	0.04787820353030734
2179	0.04787208094250483
2180	0.04761661026126708
2181	0.04809223440155585
2182	0.04734085730517546
2183	0.04732530577497635
2184	0.047572616641652764
2185	0.04740207478213156
2186	0.047327792973444076
2187	0.047263320910534715
2188	0.04710055106364371
2189	0.04720164329125346
2190	0.04736287454182706
2191	0.04710291420813897
2192	0.04686489172591528
2193	0.04717938900950257
2194	0.046853094246164524
2195	0.04687223516769547
2196	0.047060100499105
2197	0.046571239324477556
2198	0.0466633373299705
2199	0.04653513964976734
2200	0.0467357650157002
2201	0.04657130591082912
2202	0.0462287189887787
2203	0.046680844842436696
2204	0.04648846406713617
2205	0.04615782584695603
2206	0.04593472226307508
2207	0.0460036607962113
2208	0.04611075490819203
2209	0.04617329041533462
2210	0.046071601215823446
2211	0.04580733295532536
2212	0.045746891223947934
2213	0.04598832388857267
2214	0.0456646813928331
2215	0.04544342592327516
2216	0.04516842785726725
2217	0.04524586586557049
2218	0.045793166136340116
2219	0.04499186814590268
2220	0.044989348160648535
2221	0.04495343466705663
2222	0.04508437432219945
2223	0.04520966599347637
2224	0.04483256994294335
2225	0.04490813645590811
2226	0.04491025993931458
2227	0.04493617751372853
2228	0.045059171737778084
2229	0.04453672797980956
2230	0.04481705690133476
2231	0.04445421849771366
2232	0.0448332318203064
2233	0.04407044448881438
2234	0.043871850003791
2235	0.044143143654491554
2236	0.043810758486020666
2237	0.0438077960790359
2238	0.04343375154032755
2239	0.044152907208406804
2240	0.044043571112180574
2241	0.0437953957474095
2242	0.043973942591284204
2243	0.04329847569678462
2244	0.04379828256860551
2245	0.04344813836182732
2246	0.04310551561600435
2247	0.04371343256709689
2248	0.042997069630608384
2249	0.04308703663800437
2250	0.043322857481125555
2251	0.0432882213833821
2252	0.04318880416397599
2253	0.04295422632715882
2254	0.04262704243860565
2255	0.042498531367092036
2256	0.042937065669981095
2257	0.04229331551137117
2258	0.042358702714165364
2259	0.042640943388460334
2260	0.042274392838102644
2261	0.042230502785221474
2262	0.042443219196669435
2263	0.04221134371893036
2264	0.042192576942841536
2265	0.041990515084485674
2266	0.042464097598981024
2267	0.04251967508732915
2268	0.042356228956706356
2269	0.042257694783613575
2270	0.04165156509972108
2271	0.04177390598119675
2272	0.04175994998504182
2273	0.04156272241859808
2274	0.041820532305126105
2275	0.041712205914323126
2276	0.0416307234290499
2277	0.04162762106722433
2278	0.041356646307151974
2279	0.04099171215818398
2280	0.04115818213697138
2281	0.04108970104957775
2282	0.04106120275766861
2283	0.041826731655027906
2284	0.04083352680878011
2285	0.04109088601288037
2286	0.040721048180782954
2287	0.04090857439838722
2288	0.04044777597255548
2289	0.04079616795291906
2290	0.040605466924554585
2291	0.04029640516433041
2292	0.040582438737941276
2293	0.04024853569074465
2294	0.040427173276654765
2295	0.04043562996080987
2296	0.03990735451102254
2297	0.04024746954876804
2298	0.04032297138544424
2299	0.039963327700105626
2300	0.04007544306116889
2301	0.03979324531034495
2302	0.04002957228916678
2303	0.039754724597030965
2304	0.0398942975207014
2305	0.03993094912863024
2306	0.03943077489948249
2307	0.03969193730219442
2308	0.03963893948781072
2309	0.03932475653009549
2310	0.0394800800796106
2311	0.039480867256200265
2312	0.039602052687793515
2313	0.039083428651023454
2314	0.039025481272209464
2315	0.03919517664763248
2316	0.038878996053985274
2317	0.03886369181054722
2318	0.038518622541877684
2319	0.03866691329054061
2320	0.039070192976754965
2321	0.03899279533568084
2322	0.03846169961719571
2323	0.0382867658567917
2324	0.03856690989371778
2325	0.03825272301398197
2326	0.038550824573550226
2327	0.0382257936542565
2328	0.03862841515030587
2329	0.03801697617740846
2330	0.038386854043641463
2331	0.03813304902734342
2332	0.03844130676387039
2333	0.03775644848872123
2334	0.037605807086725535
2335	0.03814379735345763
2336	0.03852055317802417
2337	0.03790759680107065
2338	0.037619886229293284
2339	0.037365383055686346
2340	0.0372844665844794
2341	0.03733455429766983
2342	0.037371443408599506
2343	0.03754354629392975
2344	0.0370007417532759
2345	0.03748668196231143
2346	0.037022045172060265
2347	0.036518227790601696
2348	0.036502108024554836
2349	0.03664882325488612
2350	0.03697136514815284
2351	0.03741529514491777
2352	0.03647900618685049
2353	0.03662583380006735
2354	0.036096688898941715
2355	0.03636006831850724
2356	0.035850399363666526
2357	0.03601115297611001
2358	0.036924854763337664
2359	0.03634780567687925
2360	0.03652730566676977
2361	0.035386608498273596
2362	0.036236766254888725
2363	0.03585147858052247
2364	0.03568181764873935
2365	0.03605777441450285
2366	0.03606955333567902
2367	0.0356378972085412
2368	0.035862715157941635
2369	0.035642476783176044
2370	0.03592021792253799
2371	0.03566234388324476
2372	0.03509112503829468
2373	0.03523347054474673
2374	0.03521787453078987
2375	0.03487192362470856
2376	0.0351965967446437
2377	0.03512773849852921
2378	0.035271080823772255
2379	0.03509062159416954
2380	0.03489778276960635
2381	0.034907622844964764
2382	0.035205388004264794
2383	0.034974015382143134
2384	0.03482543344963476
2385	0.03458049499896104
2386	0.03478518832382704
2387	0.033998291527127224
2388	0.03406981776839048
2389	0.03460730003359617
2390	0.03444274596020472
2391	0.033977499057526145
2392	0.034552981507011624
2393	0.033926963054547385
2394	0.03405908287162553
2395	0.03419973462918736
2396	0.03389607986825923
2397	0.03355761418603818
2398	0.03340858837463456
2399	0.03350649035024226
2400	0.032891024211365
2401	0.03393125602503272
2402	0.03344405278405083
2403	0.03386451832978468
2404	0.03324682104376166
2405	0.033572286646748856
2406	0.033942771343828816
2407	0.03332857497460821
2408	0.033384985747492574
2409	0.03295888017206449
2410	0.03324890691658029
2411	0.032723519198528256
2412	0.0327004830630601
2413	0.03221797403290628
2414	0.0324583670008861
2415	0.03286107444543896
2416	0.03229701001743046
2417	0.032156397332929694
2418	0.032684120996940555
2419	0.032630857772963553
2420	0.03231103432180449
2421	0.0317778401507063
2422	0.03183937463269981
2423	0.032367814171922894
2424	0.03242028619520832
2425	0.03182271902899263
2426	0.03229637453726901
2427	0.03185294339866843
2428	0.031972920943863524
2429	0.031660026928899396
2430	0.03206374765398245
2431	0.03216775435464026
2432	0.03170190854651207
2433	0.03186134756273329
2434	0.03153944610758971
2435	0.03155162473838627
2436	0.031010449847939395
2437	0.03153806510905424
2438	0.03129073852678695
2439	0.03132463725222763
2440	0.030967466677986177
2441	0.03103740453380065
2442	0.031318971028609296
2443	0.03069758164771904
2444	0.031077494990717297
2445	0.030968808107197533
2446	0.030563124693476676
2447	0.03013319038141016
2448	0.030675581831265397
2449	0.029633695409313862
2450	0.03061902704952462
2451	0.030577608405558832
2452	0.03041766453104592
2453	0.029976781041503392
2454	0.030590900649480984
2455	0.03013826350889445
2456	0.029322056111281945
2457	0.03019152089109898
2458	0.03015662992002592
2459	0.029891379366090078
2460	0.02995249183447268
2461	0.02999503790830793
2462	0.029645626364075372
2463	0.02970416978567965
2464	0.0296426977220603
2465	0.029617389232927182
2466	0.029189299621238115
2467	0.028894400322801387
2468	0.029236081179062658
2469	0.029064039454692894
2470	0.029174626666215623
2471	0.029630737206920693
2472	0.028846178057900775
2473	0.028485187061803828
2474	0.028844745580014198
2475	0.028751685587683193
2476	0.02855886761054303
2477	0.028974121410995802
2478	0.028177017895972618
2479	0.028969804549069823
2480	0.028306680283572225
2481	0.028914194044666882
2482	0.027870418051787204
2483	0.027794365943698295
2484	0.028546737277652254
2485	0.02769780439268541
2486	0.02795340819594955
2487	0.027762008915331406
2488	0.028419853937480654
2489	0.027027260342328746
2490	0.027506735090863602
2491	0.027311568995800166
2492	0.02765543533227045
2493	0.02733036211908199
2494	0.027637462154801708
2495	0.026897296037083126
2496	0.027228585023540454
2497	0.026965564290624418
2498	0.027203310512166817
2499	0.02700223050212138
2500	0.02688230896256491
2501	0.02708894438755516
2502	0.027637166911820145
2503	0.027795348652429972
2504	0.027822866971709007
2505	0.027617252432620715
2506	0.026337286629832857
2507	0.02613383486122608
2508	0.026904644029088754
2509	0.026956119407266627
2510	0.02693672059815821
2511	0.025977648444652283
2512	0.026931404236178236
2513	0.026099773397324083
2514	0.02634283211427073
2515	0.02618175587410062
2516	0.025812998241190127
2517	0.026402996586791586
2518	0.025837457779689807
2519	0.026584383144986595
2520	0.026252533232306332
2521	0.025946137959128934
2522	0.025798273157162835
2523	0.0254875853085466
2524	0.025835693521702008
2525	0.024881450189429253
2526	0.025545758317956423
2527	0.026412203664751267
2528	0.025613339095622946
2529	0.026332081121290995
2530	0.0254142348049637
2531	0.02564977982809191
2532	0.025466705490095175
2533	0.02467945846305437
2534	0.025276840429501225
2535	0.02506758617226494
2536	0.024710733777974565
2537	0.024647384198344967
2538	0.02500706893034288
2539	0.025237364645798743
2540	0.024951545651464464
2541	0.025175630673557044
2542	0.02553140890090474
2543	0.024868845026411162
2544	0.025326377117299414
2545	0.02441754550337124
2546	0.02549249419668073
2547	0.02362735041760151
2548	0.025181604079435645
2549	0.024747920595811098
2550	0.024331683488447924
2551	0.024423177493294514
2552	0.024027052537985098
2553	0.02473528781285339
2554	0.024323567306054117
2555	0.023907934653498154
2556	0.02465240311275886
2557	0.02412843529321941
2558	0.024379531903666415
2559	0.023971328676063722
2560	0.02457937133862967
2561	0.023720004545976617
2562	0.023675417000604576
2563	0.02380312859612266
2564	0.023582743425568403
2565	0.024300251202783358
2566	0.023069817588208648
2567	0.023894448272506842
2568	0.023712284248112277
2569	0.023189462823646992
2570	0.0221268020482444
2571	0.024019153765702513
2572	0.023411495034134328
2573	0.023404319918935993
2574	0.022827743833949418
2575	0.023397346579321084
2576	0.022590899345937995
2577	0.023251600536315364
2578	0.02231243698262083
2579	0.02273663365453902
2580	0.022111291494347936
2581	0.022532293267984716
2582	0.022599686419051686
2583	0.02314859739799412
2584	0.022266880281820143
2585	0.022147907231353837
2586	0.02267454912061379
2587	0.022873360687912743
2588	0.022595450860512827
2589	0.022258390193027947
2590	0.021650290248798106
2591	0.02334431977126
2592	0.022350362624715587
2593	0.022050377244148423
2594	0.02288077344967253
2595	0.020999976067903495
2596	0.021476733247382168
2597	0.0219600796036719
2598	0.02221388751995046
2599	0.021549053507791998
2600	0.021347827407144845
2601	0.020904110421130655
2602	0.021042885854538472
2603	0.02134647574068569
2604	0.020571253001065607
2605	0.021253456679770896
2606	0.021041612640199405
2607	0.021048485703875474
2608	0.021036718325315777
2609	0.021690375367913454
2610	0.020487529542498644
2611	0.02123138377578973
2612	0.020508704476611402
2613	0.021114841490864858
2614	0.020308334856596985
2615	0.020377587144360335
2616	0.01913457980893012
2617	0.01985688081104113
2618	0.020414450487428806
2619	0.0207587719721256
2620	0.020236890210661235
2621	0.02051077759656478
2622	0.02032985125331185
2623	0.019809432764956125
2624	0.019988307343189002
2625	0.019653426099652073
2626	0.01993848232366928
2627	0.01983440145491787
2628	0.020377359427894662
2629	0.020513284356032502
2630	0.020248328724965545
2631	0.01997045206186624
2632	0.020766880932584737
2633	0.018905351371599807
2634	0.019000729762683796
2635	0.01947502295498327
2636	0.02039317369863004
2637	0.01962090301698041
2638	0.019703858362710724
2639	0.017981887398714917
2640	0.018600467303910913
2641	0.01843216231165648
2642	0.01823088467517185
2643	0.017578246653879574
2644	0.018551350509474675
2645	0.017949542102892152
2646	0.01752019903625896
2647	0.017991604726377185
2648	0.017458115088041456
2649	0.01803559303020047
2650	0.01762720149213087
2651	0.018531539338540494
2652	0.017934758869304464
2653	0.01719405665476985
2654	0.017548200937023844
2655	0.01820672910306502
2656	0.017178504755515796
2657	0.016893029953459735
2658	0.017209158881242338
2659	0.018749784941405587
2660	0.01690407399726458
2661	0.016414070938814106
2662	0.016832207799544446
2663	0.014879097387885478
2664	0.01673968723740783
2665	0.01565059179627343
2666	0.0173073376752674
2667	0.0163353299170935
2668	0.015833991649059943
2669	0.01559226687526385
2670	0.015683897097075194
2671	0.01720565354810061
2672	0.016267382494164633
2673	0.01566628066456172
2674	0.016055321380450023
2675	0.014355561297379516
2676	0.014453560991613436
2677	0.013458400065059314
2678	0.01503133367057341
2679	0.016606124402421128
2680	0.01613749181410339
2681	0.014233997574043372
2682	0.014507393069368985
2683	0.014218454762129226
2684	0.014402990682297511
2685	0.014589153303023034
2686	0.014824353588135695
2687	0.014265168588051167
2688	0.013757581944930012
2689	0.014175373685808089
2690	0.01394715378038998
2691	0.013195844590571961
2692	0.013517422644225265
2693	0.013625164631542166
2694	0.012776212687093115
2695	0.013093373520604254
2696	0.013700207177599207
2697	0.014810561077719935
2698	0.01260728064105289
2699	0.01194836944478915
2700	0.012497035896194391
2701	0.011226582987731836
2702	0.011661578804354504
2703	0.012607720219863951
2704	0.01323232533077181
2705	0.010562871571733003
2706	0.011270903517246616
2707	0.010240238824249738
2708	0.012411953895496302
2709	0.011753060633654838
2710	0.010604607843780468
2711	0.010862284354215455
2712	0.009691984585238471
2713	0.010676762168128885
2714	0.010287954378458235
2715	0.01073022359309505
2716	0.010252692718479289
2717	0.011094735542296683
2718	0.01017892813052716
2719	0.01011711470302875
2720	0.00987345723088335
2721	0.007869140111362732
2722	0.009901062129993735
2723	0.008874380619313628
2724	0.010072489571155805
2725	0.008942846801477238
2726	0.008548215832014802
2727	0.009966103806984076
2728	0.009155886945506016
2729	0.008831056369289802
2730	0.008860900831872017
2731	0.008662792641369049
2732	0.007535100177745555
2733	0.009291803861195339
2734	0.007785932891909562
2735	0.00904946448063863
2736	0.006579025380448652
2737	0.007710101752666927
2738	0.005872877048120402
2739	0.007221256999410287
2740	0.007120082559895683
2741	0.007467484256889975
2742	0.0072114183218949844
2743	0.006888359612639881
2744	0.00632574463364814
2745	0.007958160508485345
2746	0.007621856320527198
2747	0.006997648778063364
2748	0.00712598626601839
2749	0.0075089924546456275
2750	0.008036658538846024
2751	0.006767101641358
2752	0.006713505696380245
2753	0.005575519129714943
2754	0.0062538049888855906
2755	0.0054876941727184745
2756	0.007399776254831888
2757	0.006103300852050505
2758	0.007013270397644018
2759	0.005906770791172782
2760	0.006226809810645131
2761	0.00564920321431597
2762	0.007333016068129608
2763	0.005107954545454545
2764	0.005147248353550485
2765	0.006226507607874068
2766	0.006008751919502044
2767	0.004042771851434085
2768	0.004859350121645204
2769	0.004814785279588082
2770	0.004489195788108832
2771	0.00436516057959827
2772	0.003895939910754368
2773	0.003480139040731085
2774	0.004134264028308603
2775	0.0047393498677871905
2776	0.004722375176534769
2777	0.004348884144625292
2778	0.002886085845797952
2779	0.0028620925072537972
2780	0.004002485722776329
2781	0.004268457311800965
2782	0.003199110671936759
2783	0.0034064014760609184
2784	0.003544546647487824
2785	0.0016929824561403505
2786	0.0031437908496732025
2787	0.0012777777777777776
2788	0.0038468773873185634
2789	0.0026622958362088793
2790	0.004169127169127169
2791	0.00402092271657489
2792	0.0022833649588867803
2793	0.0031443591929525435
2794	0.004928571428571429
2795	0.0018682359307359308
2796	0.003128342245989305
2797	0.001997282608695652
2798	0.0026190476190476185
2799	0.0017639257294429708
2800	0.0016767676767676766
2801	0.000625
2802	0.0035882352941176477
2803	0.001101190476190476
2804	0.0032539682539682534
2805	0.0025
2806	0.002307692307692308
2807	0.002642857142857143
2808	0.0033525641025641028
2809	0.002
2810	0.003205128205128205
2811	0.0030526315789473684
2812	0.002197802197802198
2813	0.0019444444444444442
2814	0.002373737373737374
2815	0.0025
2816	0.0014761904761904762
2818	0.004
2819	0.0011111111111111111
2820	0.0026785714285714286
2821	0.0007142857142857143
2822	0.0008333333333333333
2824	0.003333333333333333
2825	0.0025
2826	0.0011111111111111111
2827	0.0034090909090909094
2828	0.0008333333333333333
2830	0.002
2831	0.00125
