1	0.9484346147209861
2	0.8290943664734769
3	0.7673811171723685
4	0.7183063584951642
5	0.679399374113501
6	0.6515793727411789
7	0.6278639927708555
8	0.6094604485806883
9	0.5904374508707412
10	0.5741898269936805
11	0.5600829208947853
12	0.5453222538116735
13	0.5345904296769425
14	0.5240691938406533
15	0.5131524805355173
16	0.5044627868884121
17	0.49524976564698975
18	0.48742771076462577
19	0.47824308801847004
20	0.47185656878864796
21	0.4660512152337571
22	0.4584409205617159
23	0.4524108132076825
24	0.4481024419357049
25	0.4395182061464725
26	0.435174312011412
27	0.42902996034065927
28	0.4246202253610892
29	0.42036872947606263
30	0.41540054248591773
31	0.40848203386894383
32	0.40574293069541645
33	0.40220077092740253
34	0.3977394097589346
35	0.3930466036876086
36	0.39042422946532107
37	0.38398587396094663
38	0.3826300159526523
39	0.37686093973352874
40	0.37384196764738775
41	0.37026319254902096
42	0.3644694861908683
43	0.36301543530349467
44	0.35874593905198027
45	0.3561665251052842
46	0.35302998191163854
47	0.35061176911422137
48	0.3462929290308766
49	0.34380068605997627
50	0.3401376860404632
51	0.3382646626942204
52	0.3346146099135608
53	0.3315657217972878
54	0.3292172017763289
55	0.3273747673472528
56	0.32293490727073426
57	0.3213988140435481
58	0.3188175667746144
59	0.31622979680071267
60	0.31353564596743017
61	0.3101894603870287
62	0.30824318423527275
63	0.3060389065558268
64	0.3028453985364403
65	0.301428888510711
66	0.29950621847182735
67	0.296534359605098
68	0.29484424646575197
69	0.2927043846725655
70	0.2895951182618739
71	0.28677296395218904
72	0.28586023096868757
73	0.2836232680996487
74	0.2812157076247792
75	0.2795477472710078
76	0.2771010993667007
77	0.2753040029666357
78	0.272775834711389
79	0.27096202128098446
80	0.2692486471159474
81	0.2669477485993622
82	0.26531524621293207
83	0.2640455867463449
84	0.26125992320756325
85	0.2605846859513074
86	0.2582983824213063
87	0.2560457650530638
88	0.25456340308039704
89	0.2531071360639187
90	0.250793010112719
91	0.2496877235361116
92	0.24701462227087514
93	0.2454494025528938
94	0.24415145651541503
95	0.24179075216893364
96	0.24038684802422708
97	0.23872505194534788
98	0.2372336184119051
99	0.23515948286016497
100	0.23428719401274611
101	0.23280687965993327
102	0.23094563786443165
103	0.22956926405166742
104	0.22645297820322008
105	0.22583078012086957
106	0.2240057856720835
107	0.22305925541068142
108	0.22176490930752638
109	0.2201556355926058
110	0.2180165314176876
111	0.21678636691791003
112	0.21483377928824723
113	0.21260790628134288
114	0.21173884318990133
115	0.2108156165214968
116	0.20818671157885738
117	0.2075833858056583
118	0.2056123677032145
119	0.2041106293853449
120	0.2029616132388744
121	0.20158471563374544
122	0.20003014636491043
123	0.19906403836386286
124	0.1975306201534526
125	0.19544874039316196
126	0.19441183013829097
127	0.19309965165751042
128	0.19201193560755694
129	0.19069604874353693
130	0.18906898593669383
131	0.18874825756736155
132	0.1865664734760687
133	0.1854691573637547
134	0.18324708253458996
135	0.18249729623548078
136	0.18113584663130916
137	0.18008998670000004
138	0.17936363589671836
139	0.17773951642703079
140	0.17678995331965097
141	0.17505374995275602
142	0.1745037649268533
143	0.17293787163323107
144	0.17149917696641648
145	0.1703612593244942
146	0.1690646467230782
147	0.1681030266774337
148	0.1667928766512188
149	0.16586844938543152
150	0.16500423544825382
151	0.16320279935748008
152	0.16213694341023857
153	0.161563851279349
154	0.16029647770345168
155	0.15866658997587188
156	0.15824009031674963
157	0.15683391305787261
158	0.1557209691337684
159	0.1551005308121262
160	0.1540960405821349
161	0.152836006082516
162	0.15138773988727663
163	0.15067220709636334
164	0.14883315360440405
165	0.14831622580219947
166	0.1477230076838623
167	0.14664570096620896
168	0.1455283945534234
169	0.14455659888938666
170	0.14316973317350043
171	0.14267356855338542
172	0.1412445801705753
173	0.14008364141151705
174	0.13899700954847435
175	0.1374347912150802
176	0.1370657163103718
177	0.13612632425389268
178	0.1351600271307583
179	0.13400282987208342
180	0.13288956454593173
181	0.13171089409637105
182	0.13122736134875015
183	0.1298125609218233
184	0.12833224820936487
185	0.1283856412279628
186	0.12686430027581097
187	0.12582942987059784
188	0.12425289722289307
189	0.12330283490607835
190	0.12280304194261138
191	0.12134483264945929
192	0.12026560363338146
193	0.11877706096530087
194	0.11793609093831103
195	0.11717502683554087
196	0.1159045599035301
197	0.11484840106824194
198	0.11422253495140422
199	0.11316884049432646
200	0.11252513352684074
201	0.11125587658515528
202	0.10966517380671675
203	0.10930260551700575
204	0.10764673628285229
205	0.10691903756135529
206	0.10635913645177288
207	0.10438170460568129
208	0.10381225518682674
209	0.10301750646049454
210	0.10166041939781195
211	0.10009639997256635
212	0.10016949677398003
213	0.09901956210051327
214	0.09778199870875014
215	0.09656027566387214
216	0.09633462360209652
217	0.09479701623246832
218	0.0937894248156412
219	0.09194451793489282
220	0.09143386841588537
221	0.09040687046934716
222	0.088983437307678
223	0.08831043351933897
224	0.08803587133875249
225	0.08624816809655131
226	0.08512302487926209
227	0.08381128563936599
228	0.08359361283316645
229	0.08240816406748148
230	0.08071544608719688
231	0.08034519344512178
232	0.0788340519512839
233	0.07876083861724084
234	0.07625480500039922
235	0.07666051431930204
236	0.07453566968666155
237	0.07450862150088014
238	0.07381537094833056
239	0.07186200028502698
240	0.07101906253327267
241	0.07006757421726022
242	0.06966047728716002
243	0.06902177961857232
244	0.0673119551842798
245	0.06658286439990156
246	0.06550824482916277
247	0.06438704141752141
248	0.06418422120171485
249	0.06361129923309576
250	0.06325087266207606
251	0.061547058747022
252	0.060917442361025316
253	0.0598800411052524
254	0.05920533434564106
255	0.05923894486051017
256	0.05850699996463777
257	0.05924125983227211
258	0.05798923140829518
259	0.05709961728547151
260	0.05628398996227443
261	0.056557023785863185
262	0.05549036960012982
263	0.05460263234520462
264	0.053859641960852016
265	0.05400511624579942
266	0.05331579093028494
267	0.052676368236809636
268	0.05266450845443618
269	0.05111028981604832
270	0.05123976318818322
271	0.04992699770226843
272	0.04951725227808153
273	0.04870278550730454
274	0.04903160333889912
275	0.04712529372558677
276	0.047078480823401464
277	0.04711126153069322
278	0.045724840222913635
279	0.04593563101297505
280	0.04338836018296756
281	0.04405883397443214
282	0.04403179499311803
283	0.04333804056436102
284	0.04315209415095892
285	0.04139248150738061
286	0.040755990455526865
287	0.040749864257825716
288	0.039323826113341454
289	0.03943214016903241
290	0.039708983662762966
291	0.03888482881837125
292	0.038502038996721374
293	0.03664634470589002
294	0.03789105643908187
295	0.03581024396769737
296	0.03606831352369749
297	0.036999675377780775
298	0.03436800010591337
299	0.034666224839451525
300	0.03390415616690637
301	0.0340386282878807
302	0.03555802859601851
303	0.032841771029236855
304	0.03256968728390148
305	0.030166390663581292
306	0.03149177790873172
307	0.029621066941482647
308	0.032310468403797254
309	0.02998624144916461
310	0.03196524764543106
311	0.027685075920556246
312	0.027977245008715394
313	0.02839052147199384
314	0.029673868449970647
315	0.02729470324095067
316	0.027226963429871395
317	0.027503907907474014
318	0.023703693792236205
319	0.025665972737917903
320	0.023979792878072406
321	0.026107775694846156
322	0.022931213093140074
323	0.025043940477887626
324	0.020282407858893493
325	0.022039757727129784
326	0.022616880580595924
327	0.021475055305629192
328	0.020414137089818683
329	0.02209655083776544
330	0.020979184568692362
331	0.01891406044887772
332	0.018427651041129332
333	0.023314048297210146
334	0.014763524415202386
335	0.019682256587498524
336	0.010725549240995464
337	0.01450784761839859
338	0.015785385423543317
339	0.01495590065249508
340	0.013019312988353236
341	0.014123931623931623
342	0.012984848484848483
343	0.007757936507936507
344	0.012051282051282051
345	0.007020202020202021
346	0.012333333333333332
347	0.012833333333333334
349	0.01583333333333333
351	0.008333333333333333
352	0.0025
354	0.005
