1	0.9496670843452027
2	0.8378489016293095
3	0.7761216659155594
4	0.7310624672961954
5	0.6952406324875088
6	0.6710875192734589
7	0.651168945037975
8	0.6322515387973012
9	0.6152604374922376
10	0.6005928151658609
11	0.5898166605386149
12	0.5777642945060595
13	0.5683014570054018
14	0.5609080837316305
15	0.5508537051835891
16	0.5425030544926019
17	0.5351755445286823
18	0.5287333172376638
19	0.5225816286988632
20	0.5162051932865392
21	0.5119262409226291
22	0.5057350100649084
23	0.5019762631522506
24	0.49643460227770275
25	0.492726675550273
26	0.48867445210744315
27	0.4830973432890016
28	0.47953774699220086
29	0.47597994531044796
30	0.471664139872096
31	0.46782849634167123
32	0.4659765358882608
33	0.46195873436425855
34	0.4584030136383946
35	0.4561438774921937
36	0.45269511705976917
37	0.4498414714969603
38	0.4469768702786625
39	0.44419938301138356
40	0.4407488056362372
41	0.43809566409334033
42	0.43626147998887144
43	0.43382468201504
44	0.431923043234295
45	0.42949735007623063
46	0.427100755394803
47	0.4255876497089609
48	0.4238729475961937
49	0.4208525520953733
50	0.4188827632224873
51	0.41716057804672
52	0.4154222201518317
53	0.4120813121190863
54	0.4111383393248493
55	0.40947406562417293
56	0.4077452193691781
57	0.40680939636272256
58	0.40363165123215394
59	0.40217735487002954
60	0.40149085840207444
61	0.3997516102622467
62	0.39795441199225556
63	0.3964279961877508
64	0.39445649031239477
65	0.3933624074462018
66	0.39111431120736995
67	0.39056421703287375
68	0.38868405187703803
69	0.38682447967203715
70	0.38643493009887725
71	0.38398155349463414
72	0.38201654507626903
73	0.38129566571417384
74	0.38026670384022127
75	0.3790377300464343
76	0.3782470788221635
77	0.37665931838792516
78	0.374539191929633
79	0.3738002068961586
80	0.3727605289572894
81	0.37144237293884186
82	0.3701746953467335
83	0.36947506063671803
84	0.3682870906706608
85	0.366633168644546
86	0.36580320349027856
87	0.3646789303596475
88	0.3643055111844179
89	0.36277831931131066
90	0.36149036773276544
91	0.3604083164688724
92	0.35912777981914495
93	0.3585313532315547
94	0.3574508262499832
95	0.35665611787640017
96	0.35569323730206015
97	0.35531777138661363
98	0.3538799301784188
99	0.35290239244076105
100	0.35229207761442316
101	0.35043582097105963
102	0.3508446507827349
103	0.349970140009252
104	0.34815835923525257
105	0.3469156603183947
106	0.34622473914783114
107	0.3460400633080187
108	0.3446747188617262
109	0.34381589856947764
110	0.34330043124350873
111	0.3424315884320965
112	0.3414210488292403
113	0.3412045143167069
114	0.3399929174577613
115	0.3389504132720166
116	0.3387408584091858
117	0.3373019047271393
118	0.3367826465629998
119	0.3361379110788908
120	0.33531208204539165
121	0.33460902508546053
122	0.3335177236211345
123	0.332636468324144
124	0.33189029480775206
125	0.3314044148505687
126	0.330449436498583
127	0.329793133964774
128	0.3296020676966265
129	0.32879536164256556
130	0.32786023311695794
131	0.32720717576952446
132	0.3261379765419305
133	0.3262514713032544
134	0.32493891949351517
135	0.3249128763563143
136	0.32340453605122027
137	0.3233222841955993
138	0.32204445660714404
139	0.3216449614363689
140	0.3211408561805469
141	0.3210969948315157
142	0.3196436146128121
143	0.31912383195712435
144	0.3186967334009027
145	0.31837369746139044
146	0.3174755759758343
147	0.3173420896426171
148	0.3160284571344563
149	0.3152983648977422
150	0.3147714396387666
151	0.31443502798421546
152	0.31371646029598926
153	0.313235000979105
154	0.31274825726087063
155	0.3119739409969933
156	0.31139195844861756
157	0.31050914628251636
158	0.3101585668130676
159	0.3099514763098591
160	0.308875509707025
161	0.30834635574730895
162	0.30819226914837167
163	0.3075329318560242
164	0.3069477923087979
165	0.3064373220078607
166	0.3059193082401872
167	0.30480037433410234
168	0.3047088701496309
169	0.3041747431445631
170	0.30359829898519025
171	0.30340834453956655
172	0.30257402381372694
173	0.30252624627814145
174	0.301468926756421
175	0.301364753236708
176	0.3007025022324344
177	0.2998073154647774
178	0.29959013273232943
179	0.2990862373991072
180	0.2983933429860901
181	0.29821301943031403
182	0.2979126926676539
183	0.2972590494738573
184	0.2967334337875191
185	0.29643035038532667
186	0.2958931820387236
187	0.2952540934029072
188	0.295001703004504
189	0.2944353297572728
190	0.29420651340204634
191	0.2936031101047619
192	0.2927781345234941
193	0.2923372088345982
194	0.2917711914358635
195	0.2913336049534404
196	0.29095114739417044
197	0.29046873748331503
198	0.29038463269450115
199	0.2895066093141264
200	0.28911168793839176
201	0.28943646441157833
202	0.2883818527335348
203	0.28796996678873743
204	0.2877160883280266
205	0.2870071047392226
206	0.2865689169255188
207	0.2861552447794002
208	0.2854644690958399
209	0.28540608953139424
210	0.2850911013966153
211	0.28469637116006447
212	0.2842195779632541
213	0.2834045288190138
214	0.28341710835448497
215	0.2825225163962305
216	0.2821149882704519
217	0.2822690217002684
218	0.28134222992246083
219	0.281267519180742
220	0.28058734147053566
221	0.28061597137111016
222	0.27991264658258685
223	0.2796265305726466
224	0.27931258014475274
225	0.2788611905749908
226	0.2781169000856762
227	0.27784332712945525
228	0.2777986049508518
229	0.27739406406078165
230	0.2770275876148652
231	0.2763616263870846
232	0.2760714237635953
233	0.27556009244972474
234	0.27557874093250506
235	0.2751768715511888
236	0.27425958741209056
237	0.27420126594105537
238	0.27401302892642937
239	0.2735091085159581
240	0.27369567060193056
241	0.2731648134264493
242	0.2725443496707774
243	0.27214835607895344
244	0.2715688227130625
245	0.2715876800105064
246	0.27102127375413476
247	0.2709934501798582
248	0.2705311894343523
249	0.2698227481623056
250	0.26928741119168154
251	0.269044689468852
252	0.26894373446066117
253	0.2684557874612898
254	0.26815095132047584
255	0.2678232028588041
256	0.2674765418815685
257	0.2671396496644614
258	0.2668821011929777
259	0.26713085247134727
260	0.2663076248026081
261	0.2657147450507946
262	0.2658473684278648
263	0.2653224813925814
264	0.2648857455733154
265	0.26453856034282835
266	0.2641844624161184
267	0.2642809118674154
268	0.2636403566048957
269	0.2634097476734687
270	0.2632119174464108
271	0.2625618021555709
272	0.2621435047269743
273	0.2622758928944094
274	0.26169450091319335
275	0.2613565522816251
276	0.26107522498028457
277	0.26100778796728946
278	0.26057828890343293
279	0.26003266459983354
280	0.26000434667222183
281	0.2597647461674675
282	0.259502837190009
283	0.259060043360922
284	0.25879142531827953
285	0.25830161490416975
286	0.2578897175404603
287	0.25821165344560254
288	0.2574123952825102
289	0.25697590261194553
290	0.25657230429347644
291	0.2567337919266276
292	0.2561351143076763
293	0.2559986045199021
294	0.25542973924158713
295	0.25501412465238316
296	0.25486495605213205
297	0.25469821512287427
298	0.2548941140728645
299	0.25391046043704607
300	0.25380641600368187
301	0.25346792916132643
302	0.2532985653959205
303	0.2531816935915219
304	0.2526966401515189
305	0.2527517984024794
306	0.25214914994222154
307	0.25180404904817694
308	0.2514655092003016
309	0.25129656893057506
310	0.25106415197273113
311	0.25064506364641187
312	0.2505766812267606
313	0.24999486921697894
314	0.2499180114772566
315	0.24974676445555552
316	0.24943592277010215
317	0.24896552223726703
318	0.24864220330431624
319	0.24847365085996193
320	0.24826541886048253
321	0.24782036059661383
322	0.24775161289058933
323	0.24752057262758037
324	0.24715599152062193
325	0.2469523835088425
326	0.2467419606015126
327	0.2464608585150803
328	0.24595998255855636
329	0.24591411031163665
330	0.24593921337230334
331	0.24535415789088355
332	0.24525225606452555
333	0.24477048800040302
334	0.2445898635570756
335	0.24422491635705731
336	0.24387985829490386
337	0.24374225689060405
338	0.2433868224524151
339	0.24331637146808013
340	0.2430523911433147
341	0.24251004257787712
342	0.2426657948298258
343	0.2424045619922369
344	0.2420366004165703
345	0.24159574903099265
346	0.24170450292534537
347	0.24116067505540395
348	0.2411870028811456
349	0.24054230738444957
350	0.24049165895775673
351	0.23988441099696817
352	0.24024534982812296
353	0.23967948074889056
354	0.23948931096693493
355	0.2393168250581912
356	0.23881521106238915
357	0.23860526142792804
358	0.2387048325621225
359	0.23807582909895728
360	0.2376684838388931
361	0.23750396082319725
362	0.23756159635267918
363	0.23711411861983633
364	0.23717245058450892
365	0.23697386957227073
366	0.23643972416435388
367	0.23627397703972217
368	0.2360475286900791
369	0.23608324114122625
370	0.2358089503324836
371	0.23537738719739276
372	0.23513920237174563
373	0.23472435358723828
374	0.234799963878117
375	0.23444764613083946
376	0.2339429125599406
377	0.23393321319359991
378	0.23392919231111417
379	0.23355280626646815
380	0.23351803050331152
381	0.23322071157661803
382	0.23297528874173293
383	0.23261772536133893
384	0.2321282401463935
385	0.23194247782747549
386	0.23196810706959867
387	0.2317208377034078
388	0.23149447731535155
389	0.231535976186932
390	0.23114724766466993
391	0.23085183084661942
392	0.2306870692386763
393	0.23032482828727693
394	0.2304903001238218
395	0.22991539938346464
396	0.22976855175430305
397	0.229517493525731
398	0.2292190680602632
399	0.22887783632097464
400	0.22900480430484488
401	0.22861326270574256
402	0.22844041540703358
403	0.2279543879069665
404	0.22776287822382177
405	0.22778407064673842
406	0.22750536932566004
407	0.2278168723169329
408	0.22708261543145894
409	0.22695368085000667
410	0.22671383542331455
411	0.22651486891505584
412	0.22634831212770698
413	0.22613025322780586
414	0.2259623485657027
415	0.2254521269300358
416	0.22541059273042383
417	0.22531628414756052
418	0.22503554653521765
419	0.22508446510893163
420	0.22479806578861364
421	0.22466974690315422
422	0.22431110083773398
423	0.2240381043480678
424	0.22405270220695062
425	0.22355467316718663
426	0.22357952967167122
427	0.2231980320501026
428	0.22285611118142865
429	0.22290241913320086
430	0.22236745005477043
431	0.22262014283432344
432	0.22222522271215436
433	0.22159646640296088
434	0.2217962736216605
435	0.22129213490087793
436	0.22128158528209624
437	0.22123898827116892
438	0.2210234540559858
439	0.2207114953876044
440	0.22064459814701545
441	0.2201566336284571
442	0.22028707971740172
443	0.21975834949111475
444	0.21979346600470834
445	0.21946594330318064
446	0.21950798339555772
447	0.2192275508705523
448	0.2188682815000341
449	0.21854474172411678
450	0.21852469059424148
451	0.21837413406726836
452	0.21839999536960877
453	0.2180533159635263
454	0.2180993848568958
455	0.21727720709113602
456	0.2173349252272283
457	0.21713107101402918
458	0.21706154938932545
459	0.2169340667127875
460	0.21638480141899713
461	0.2161796422438541
462	0.21639271252732745
463	0.21588126957148202
464	0.21574805069813507
465	0.21568066388914542
466	0.215378237609343
467	0.21532916816594355
468	0.21511228593839482
469	0.21499884385919205
470	0.21499523607486984
471	0.2145030963072241
472	0.21424755422040934
473	0.21393479955976524
474	0.2139662445893456
475	0.21394319804918044
476	0.21365147337668713
477	0.2134381420047771
478	0.21304370705032646
479	0.2128796561281916
480	0.21302975225172524
481	0.21249730484724222
482	0.21227844953144484
483	0.21239900349711038
484	0.21232191355408875
485	0.21204694002478322
486	0.21153816419288418
487	0.21153034934726425
488	0.21141750693204966
489	0.2113266836423403
490	0.2110538922116494
491	0.2109978710786265
492	0.21058439813292815
493	0.2104355221285289
494	0.2104333036809428
495	0.21037656596606577
496	0.20987505936951714
497	0.20968203256083676
498	0.20966450277883034
499	0.2096342761110484
500	0.20911196645822716
501	0.20929564426867228
502	0.2088357678660508
503	0.20877019282593426
504	0.20855683498979835
505	0.20835900240991595
506	0.20826619105888672
507	0.20800801140194936
508	0.20775511173125627
509	0.20752852526634594
510	0.2075047815856955
511	0.20746877998687946
512	0.20696840629719224
513	0.20689349118251266
514	0.20688951647084586
515	0.20674938463333956
516	0.20655222059741807
517	0.20659036700455402
518	0.2061637460995728
519	0.20595308458841594
520	0.20586562501926176
521	0.20569436195807017
522	0.20528360840981769
523	0.20502179264002612
524	0.20485365835240255
525	0.20527230461909757
526	0.20474945773804465
527	0.2045077346678452
528	0.20453473475657433
529	0.20407323421580656
530	0.20413524930947857
531	0.20392240616900337
532	0.20405494898403614
533	0.20372420501355165
534	0.20344989076874723
535	0.20358082444364392
536	0.2032509609027628
537	0.2028948028303602
538	0.20299276334768582
539	0.20262436454709043
540	0.20255765880188165
541	0.20229980911128845
542	0.20220345752952051
543	0.20191668955290307
544	0.2018587137437146
545	0.20173385757492682
546	0.20141975991874006
547	0.2013300511968383
548	0.2013196515703388
549	0.20099022170859918
550	0.20102582939277014
551	0.20075996447669328
552	0.20066075626664742
553	0.2005729559028887
554	0.20038536872423107
555	0.20000350186923485
556	0.2000756475159334
557	0.19987905167144412
558	0.19967713700606013
559	0.19940177572600595
560	0.19949978836193694
561	0.19918976519756795
562	0.19878762127689215
563	0.19870106074746613
564	0.1989744466949277
565	0.19837170543510677
566	0.19834774428296764
567	0.19816735918021988
568	0.1980556787786967
569	0.19801190549812173
570	0.1975290288063131
571	0.19786604384128156
572	0.19745570214028732
573	0.197397698451328
574	0.19703089075848187
575	0.19677081466241805
576	0.19675835647369158
577	0.1965857270194076
578	0.19662499421229154
579	0.19642677257874167
580	0.196282022962858
581	0.19623727370330296
582	0.19592486875321627
583	0.1957505301348193
584	0.19546515162660455
585	0.19531095166081375
586	0.19534682129849834
587	0.19496547131931422
588	0.19498079077637062
589	0.19490584644933598
590	0.1945351488015569
591	0.1945944134178567
592	0.19425473203267013
593	0.19418153516066405
594	0.19407896815692058
595	0.19387381911022825
596	0.1938331140087615
597	0.1937675839114323
598	0.19336742162766613
599	0.1932498333939678
600	0.1932659995681817
601	0.19302711766420727
602	0.19295443926133707
603	0.1927798129649033
604	0.19260967841194135
605	0.19261465665726848
606	0.19235487288957118
607	0.19204782966268286
608	0.19186853114288285
609	0.19169061421533748
610	0.19180342846731185
611	0.19166348144288642
612	0.19127473582202828
613	0.19112248905147713
614	0.19113369082487597
615	0.19121915425083652
616	0.19058269532664657
617	0.19042799232954125
618	0.1905282637949768
619	0.1900851973834548
620	0.19035270891516906
621	0.1900470955643985
622	0.18991200121599325
623	0.18963308575311924
624	0.18985543983434952
625	0.18945574494604625
626	0.1892710677910964
627	0.18935704878520557
628	0.18908719956721548
629	0.18907426854710535
630	0.1885747188748543
631	0.18868666520442687
632	0.1885696786160743
633	0.18822124762593365
634	0.18819886636009034
635	0.18809407695962274
636	0.18794128107589597
637	0.18767431985291097
638	0.18748375667211306
639	0.18742157792472863
640	0.18741700478721815
641	0.18713505850727188
642	0.18701105028196013
643	0.18685312716722915
644	0.1868479211692905
645	0.18653035749097036
646	0.18650817433641906
647	0.18637303700070226
648	0.18629275343063306
649	0.18569224787986394
650	0.1860377490815285
651	0.18545459925999574
652	0.18567307642283115
653	0.1853847419396823
654	0.18512184185440522
655	0.18533407532926094
656	0.18503591106452916
657	0.18482218634898093
658	0.1847429940509231
659	0.18453727485539353
660	0.18437100195258257
661	0.18434336859111913
662	0.18412562068690852
663	0.18403572937512105
664	0.1841547817121629
665	0.18391757208768844
666	0.18350861319405756
667	0.1835475579529311
668	0.18337508880070078
669	0.18314517143629033
670	0.1829745938045582
671	0.18280321422915924
672	0.18292540877180596
673	0.18264710159620065
674	0.1825665990924789
675	0.18246027824834612
676	0.18251735298358868
677	0.1822049192067342
678	0.18204620817117406
679	0.1818723239869576
680	0.18180525683116644
681	0.18163658552580741
682	0.18135374243087152
683	0.18146193868893307
684	0.18134249459280835
685	0.1812913627096372
686	0.18077557962577834
687	0.18093782546107806
688	0.18091352575867273
689	0.1804618887831131
690	0.18027617267959928
691	0.1804152594238956
692	0.18031435998154888
693	0.17983096075788751
694	0.17994015912818626
695	0.17997790702656785
696	0.1795596381293995
697	0.17957820381646553
698	0.17934992201832153
699	0.17925694364190753
700	0.17900507546469582
701	0.17882323182726587
702	0.1792358655842764
703	0.17876572208874608
704	0.1783677484837349
705	0.17869635794131544
706	0.17838139788633964
707	0.17829228249457996
708	0.178087346292829
709	0.17797931500022493
710	0.17794517100131396
711	0.17770193350900712
712	0.1773525473794325
713	0.1772665548098875
714	0.17715716096918258
715	0.1770666466371278
716	0.1769285373185924
717	0.1768947873091513
718	0.17671736646405317
719	0.176634994449494
720	0.17646998381456944
721	0.1763854841720442
722	0.1762206564512227
723	0.17587664519597432
724	0.1759579590071488
725	0.1759460322339705
726	0.17564943729502297
727	0.17544907951075067
728	0.17545976891084222
729	0.17520646098325673
730	0.17516586594249517
731	0.1751036683536466
732	0.17495297952657674
733	0.17490009941938908
734	0.17476484432491507
735	0.1747903788766312
736	0.1743198358658623
737	0.17427078315257116
738	0.17429469042336315
739	0.17395078522745058
740	0.17393683360099782
741	0.17372716982121067
742	0.17371906691362107
743	0.17360102736007993
744	0.1734115362160566
745	0.1732760224765274
746	0.17303602735287502
747	0.17300331611832617
748	0.17281116752488657
749	0.17285190506403209
750	0.1726907284225635
751	0.17237083044525517
752	0.17240514944925317
753	0.17236127097141246
754	0.17218198188029135
755	0.17211961391267436
756	0.17194689629806098
757	0.1718118819942448
758	0.17177171322323093
759	0.17148549811506095
760	0.1712173664149242
761	0.1714068028898268
762	0.17126348499444344
763	0.17116613397944266
764	0.17090735747395633
765	0.17087820650543858
766	0.17073505776756315
767	0.17064116672077909
768	0.17039988127417394
769	0.1702084089538645
770	0.1701424778598078
771	0.1701934513106262
772	0.17013392821772716
773	0.16978612906756355
774	0.16973976091102608
775	0.16980877398348462
776	0.1697966314768246
777	0.1692767435465197
778	0.169048402565741
779	0.16911631501720994
780	0.1690828824405792
781	0.168978360913716
782	0.16870804142539417
783	0.1687982792495123
784	0.16877260510960124
785	0.168373184604928
786	0.16833334640605258
787	0.1682204279166381
788	0.16806655573242987
789	0.16814532719519637
790	0.16780576620557386
791	0.16785118934351087
792	0.16747693924926124
793	0.16752958437787072
794	0.167439041511496
795	0.16720234040283743
796	0.16732385437057304
797	0.16695537898180934
798	0.1667868165303635
799	0.1668233810332428
800	0.16668141123151636
801	0.16652936124040876
802	0.1664642894807416
803	0.16649625393555914
804	0.16628639513381105
805	0.16607574601469072
806	0.16597332459783742
807	0.16586896712657942
808	0.1659664038035442
809	0.16552109621255925
810	0.16540504208229187
811	0.1653853702510385
812	0.16525665039562362
813	0.1652392277450296
814	0.16487518858643674
815	0.16517154605350937
816	0.16475391199009795
817	0.1644647980133575
818	0.16454325362900243
819	0.16443980906061673
820	0.16441577792781856
821	0.16433640896250004
822	0.16409693800973332
823	0.16402194890595992
824	0.163834772534889
825	0.16372413970588842
826	0.16366555243053832
827	0.16343905483537535
828	0.16335025587006047
829	0.16331665019578395
830	0.16328069396442643
831	0.16306431215793352
832	0.16285187055754322
833	0.1630046669412223
834	0.16281559865334766
835	0.16267868346185815
836	0.16259539873147236
837	0.16230489791059366
838	0.1622765392243844
839	0.16211133670739308
840	0.16207261548569307
841	0.16183075321268903
842	0.16175296974601647
843	0.1616909949912878
844	0.16165212263104198
845	0.16132888585911587
846	0.16127388992174863
847	0.16132939119419232
848	0.1609399527046721
849	0.16085520882257232
850	0.16102985678516757
851	0.16099073846239398
852	0.16064791758280791
853	0.16078619086787885
854	0.16047410280228525
855	0.16043181133328488
856	0.16035421364665292
857	0.16031714908386013
858	0.15986549134584827
859	0.15969933419130825
860	0.15968797483479466
861	0.1596734539977085
862	0.15953491299855707
863	0.15960507885050843
864	0.15912228040922172
865	0.15931033087525887
866	0.15916743758863952
867	0.15906487795401905
868	0.15891473729973687
869	0.15882707704531998
870	0.15869620679630558
871	0.15852885579427392
872	0.1585057169325176
873	0.15841786360787347
874	0.15809524630332666
875	0.1581167452207143
876	0.15813098182580634
877	0.1579333609009675
878	0.1578068282920473
879	0.15764022000419392
880	0.15770065979337924
881	0.1574890143699098
882	0.15746746442666343
883	0.15739502167717256
884	0.15693339848173107
885	0.15707633971929152
886	0.15683591479395942
887	0.1568992369781091
888	0.15679838900700968
889	0.15648497265587108
890	0.15656438537832967
891	0.15621297265075726
892	0.15619420578222057
893	0.15604397220680113
894	0.15599487642902812
895	0.15605641904775133
896	0.15574976068732008
897	0.15592080769195055
898	0.15571248424623638
899	0.1555389533031646
900	0.15521294936959798
901	0.1551809587796113
902	0.15532124559005595
903	0.15518984549578435
904	0.15483158533635066
905	0.15491503873013066
906	0.1545751107449827
907	0.1546684649113837
908	0.15457362378565387
909	0.15435448395120718
910	0.15429472576640882
911	0.15411764757418195
912	0.15407429930841401
913	0.15395806762494835
914	0.15393574379721603
915	0.15368685107187707
916	0.15358887688428616
917	0.15361879277833673
918	0.1534216648938313
919	0.15355687849836946
920	0.15320610119531386
921	0.15314896337292372
922	0.15302955072302477
923	0.15268857953133114
924	0.15286835584130412
925	0.1525282623520676
926	0.1523761780080036
927	0.15237141678762173
928	0.15240654382708116
929	0.15223738890448915
930	0.15227697753354988
931	0.15205992844807067
932	0.1518348860709377
933	0.1518655855575984
934	0.15171965498216475
935	0.151346411489659
936	0.15156476958472476
937	0.15127250611641696
938	0.15123496208964127
939	0.15122972626269784
940	0.15100529141413013
941	0.15112983161383686
942	0.15075107001113447
943	0.15069044162998907
944	0.1506648008910061
945	0.15062870052528826
946	0.15059235969819026
947	0.15031708403304278
948	0.15036542273619613
949	0.15021807022359376
950	0.14995631402425566
951	0.1497782420708659
952	0.14978623918621642
953	0.1498397833597508
954	0.14959768359388945
955	0.14953618416451958
956	0.1493207897333349
957	0.14932676973296974
958	0.14922620273006423
959	0.14900823829822402
960	0.14925130595245859
961	0.14893900222285075
962	0.1485518567392434
963	0.1484248816796976
964	0.14862738461712163
965	0.14858245732558806
966	0.1485000342579277
967	0.14822993975816698
968	0.14805705976656416
969	0.14804110928909944
970	0.14794601774254112
971	0.14779646278501546
972	0.14784453251177318
973	0.147666061044412
974	0.14766199669175348
975	0.14741885179684083
976	0.1473590014056695
977	0.14722052569238556
978	0.1471505595171872
979	0.1470796749509619
980	0.14683032760283024
981	0.14679780032367332
982	0.14674153424149172
983	0.14657965010025076
984	0.1464495013551501
985	0.1464931956830206
986	0.14636277857234073
987	0.14624168233659138
988	0.14606542452904386
989	0.14598957351613476
990	0.14592191994519785
991	0.14565786726410382
992	0.14575074214132666
993	0.145715409341917
994	0.1455861132214774
995	0.1456516733965821
996	0.14529692923006984
997	0.14519098914834044
998	0.14516810658441398
999	0.1448869986078973
1000	0.14502490663282114
1001	0.1447478974976356
1002	0.14475568003659647
1003	0.14446335563794818
1004	0.14465641804618104
1005	0.144475188496033
1006	0.1443464222090398
1007	0.14422184597510002
1008	0.14418517130474787
1009	0.14397712547400693
1010	0.1440296227210668
1011	0.14387874083067537
1012	0.14366781350626204
1013	0.14369379920510206
1014	0.14344118047417384
1015	0.14349035461122603
1016	0.1432999999812745
1017	0.14352043183481605
1018	0.14317272685119464
1019	0.14301173980558995
1020	0.14305846348446155
1021	0.14269665788081365
1022	0.1428492703683041
1023	0.1426031730024249
1024	0.14257488531355403
1025	0.14262899162715792
1026	0.142490905529823
1027	0.14220275443416697
1028	0.14204835931061788
1029	0.14186591413242672
1030	0.1421450793726357
1031	0.14200312139188206
1032	0.14171182082100578
1033	0.1417316411335419
1034	0.1414450912289623
1035	0.14142274021860207
1036	0.1414900094972028
1037	0.14133767984576331
1038	0.14125306118255349
1039	0.14117699415467297
1040	0.14106064412766747
1041	0.14074989642142235
1042	0.14099627260728478
1043	0.14059659715349404
1044	0.14069222241231333
1045	0.14060865400235462
1046	0.14044282950966439
1047	0.1402766944012236
1048	0.14015604358377196
1049	0.14023432397118954
1050	0.14025077797869115
1051	0.14003850858130862
1052	0.13968479122206356
1053	0.13965726006444923
1054	0.13957250043060176
1055	0.13956107548110208
1056	0.13956186382890867
1057	0.1392435603201977
1058	0.13931843750256545
1059	0.13916317680850726
1060	0.13921367600422563
1061	0.13895159362601006
1062	0.13896847197956222
1063	0.1388595305472614
1064	0.1386842459384767
1065	0.13874693474472122
1066	0.1385069860190838
1067	0.1384349110872517
1068	0.13857933720754936
1069	0.1382981310032762
1070	0.1380177372718508
1071	0.1382484591995324
1072	0.13792248447019134
1073	0.13774665103987035
1074	0.13766154025112132
1075	0.1375785100624358
1076	0.13781615069355996
1077	0.1375790424010148
1078	0.13747002994053129
1079	0.13726811619333973
1080	0.13719415690832115
1081	0.13712265081229466
1082	0.13690197733604514
1083	0.13691201582147647
1084	0.13682283041320129
1085	0.13672000935964312
1086	0.13659594973652975
1087	0.13652483217574138
1088	0.1363447518750958
1089	0.13650044330768155
1090	0.13632179129041766
1091	0.13611449498955666
1092	0.13626813004321006
1093	0.13613304187867228
1094	0.13597955174636478
1095	0.13579237176770742
1096	0.13570273739565217
1097	0.13550104295298718
1098	0.1353722489808189
1099	0.1355481966364435
1100	0.13526123608638874
1101	0.1351967894700801
1102	0.1352511105447302
1103	0.13513682242093406
1104	0.13511331402834847
1105	0.13477150184087577
1106	0.1345901151241696
1107	0.13458086869727964
1108	0.13457031325063107
1109	0.13438905483261096
1110	0.13447896860636138
1111	0.1343062407542035
1112	0.134285001483766
1113	0.1339921172065719
1114	0.13385712065536468
1115	0.13388232701581623
1116	0.1338452568935884
1117	0.13377604475392255
1118	0.13363780003455145
1119	0.13350063903421405
1120	0.13352006346150083
1121	0.13341020817772795
1122	0.13339941604052463
1123	0.13301733738941976
1124	0.13305884476486157
1125	0.13284596531972745
1126	0.13295540136803613
1127	0.13295562879100642
1128	0.13251888367594933
1129	0.13268915543088533
1130	0.13239560816094864
1131	0.13237647799276406
1132	0.13219986821278218
1133	0.13241678400669402
1134	0.13226906066653737
1135	0.13184808114808846
1136	0.1319992625118005
1137	0.13219259062140482
1138	0.13188468836716585
1139	0.13178165597787042
1140	0.1314686855354224
1141	0.1314591814627456
1142	0.1313493730977431
1143	0.1314304492516395
1144	0.1312024480162447
1145	0.13126832459819657
1146	0.1311612910822028
1147	0.1310062105956959
1148	0.13074177037047063
1149	0.13065659059701282
1150	0.1304732301186445
1151	0.13059366570204636
1152	0.1303254555577614
1153	0.13032869179584802
1154	0.13020758881991168
1155	0.1301062120869918
1156	0.12997217002054506
1157	0.12994635718094943
1158	0.12979390392659743
1159	0.12970603911562104
1160	0.1298705690531394
1161	0.12960116779094139
1162	0.12953657940556987
1163	0.1294710511708382
1164	0.12934891454123038
1165	0.12912729862931868
1166	0.12914379794462127
1167	0.12910658749925963
1168	0.128890381508317
1169	0.12891267578730922
1170	0.1288523293705441
1171	0.128583556090062
1172	0.12844511032800437
1173	0.12846391575449265
1174	0.12860126428365884
1175	0.12838109177683887
1176	0.12807948598992058
1177	0.12814904010553155
1178	0.12810185938820623
1179	0.12783682841874008
1180	0.12791661627567802
1181	0.1279054789868507
1182	0.12756614115371268
1183	0.12777283630215458
1184	0.1275235574916864
1185	0.12741679817926277
1186	0.12720783681478967
1187	0.1271509027851467
1188	0.12713447559943986
1189	0.1271332135255632
1190	0.12698634403703896
1191	0.1267852869768986
1192	0.12681096936211728
1193	0.12664258038735937
1194	0.1266300937497533
1195	0.1265332756876923
1196	0.1262896509286156
1197	0.12638585867718674
1198	0.1262865087365275
1199	0.12615950024796654
1200	0.12591042316601433
1201	0.1260839716804257
1202	0.12592677067564953
1203	0.12577315357653884
1204	0.12557726700303717
1205	0.12565246234998123
1206	0.12562751748681397
1207	0.1253736540158978
1208	0.12519170981477545
1209	0.12506863692199055
1210	0.12535203072583576
1211	0.1251696902436049
1212	0.12504046682972944
1213	0.1248271547586425
1214	0.1249550998779121
1215	0.12468125189868705
1216	0.12454626615974608
1217	0.12458045488409923
1218	0.12452509056553686
1219	0.12431778825259451
1220	0.1244296019289205
1221	0.12416757247640192
1222	0.12422650197114805
1223	0.12416088308034244
1224	0.12384512194991787
1225	0.12378617628862033
1226	0.12378774906729267
1227	0.1237841847649956
1228	0.12361121645061156
1229	0.12334050745669202
1230	0.12329441435429775
1231	0.12337566051891194
1232	0.12317226257096596
1233	0.12326611094652108
1234	0.12300185643725708
1235	0.12288263418324906
1236	0.12283560880571905
1237	0.1227323220486254
1238	0.12277455221381448
1239	0.12251444502145738
1240	0.12259081190872828
1241	0.12233043113172094
1242	0.12225214542770078
1243	0.12235168072760917
1244	0.12219558111564004
1245	0.1222634337598439
1246	0.12218753164405656
1247	0.12189540411078138
1248	0.12181910148402551
1249	0.12169080760181786
1250	0.12164721089218215
1251	0.1215862399850981
1252	0.12155227498706976
1253	0.12123712765367252
1254	0.12144394522329252
1255	0.12109027243530635
1256	0.1211162776370766
1257	0.12095419752785252
1258	0.12103144148067141
1259	0.12062144407182751
1260	0.12077795385394201
1261	0.12059787571023209
1262	0.12069936158048197
1263	0.12061060154001291
1264	0.12032385863928292
1265	0.12053316131832763
1266	0.12031749853844854
1267	0.12025446568501152
1268	0.1201003555048729
1269	0.12009229162888502
1270	0.11994365699159952
1271	0.11980663558894454
1272	0.1196700747039257
1273	0.11977391380100552
1274	0.1195751834850115
1275	0.11965035388181063
1276	0.1196449170661726
1277	0.11944605444894696
1278	0.1193527124698498
1279	0.11924778848467436
1280	0.11911919738667937
1281	0.11910467437091823
1282	0.11880873015297266
1283	0.1188702718317562
1284	0.1188635368618463
1285	0.11855646350621407
1286	0.1185816610476051
1287	0.11862267679097296
1288	0.11860844458870633
1289	0.11837654211602575
1290	0.118429561731052
1291	0.11853743037183154
1292	0.118147435514849
1293	0.1181824145645476
1294	0.11795000573515405
1295	0.1178056773530575
1296	0.11762018667121575
1297	0.1177616802170021
1298	0.11746950641335076
1299	0.11750812857210997
1300	0.11751658090726887
1301	0.11737583044396876
1302	0.11718304553478319
1303	0.11716045739055572
1304	0.11717561973885145
1305	0.1172397858249882
1306	0.11686808568161114
1307	0.11693231973554603
1308	0.116905845124294
1309	0.11682292806022174
1310	0.1167672872466342
1311	0.11658428751985628
1312	0.11665474868165404
1313	0.11638544886268117
1314	0.11643810438770785
1315	0.11632550846857753
1316	0.11610695329461768
1317	0.1160252810744449
1318	0.11593082248566582
1319	0.1159221137770043
1320	0.11582492446883565
1321	0.1158354631967248
1322	0.11564489080383406
1323	0.11553577933784279
1324	0.11554569286809586
1325	0.1155080823284636
1326	0.11532334301413437
1327	0.11525442861915984
1328	0.11521455129034938
1329	0.11511881007494104
1330	0.11509653423381669
1331	0.11475723625800956
1332	0.11498141306556238
1333	0.11487397032512577
1334	0.11476837157277613
1335	0.11459356130898694
1336	0.11455016690948687
1337	0.11454833907261694
1338	0.11430081608205869
1339	0.11438690126686867
1340	0.1142281315022336
1341	0.11412828951647684
1342	0.11400689842006084
1343	0.11387809878394893
1344	0.11374817290386736
1345	0.1138017987867653
1346	0.11361329161191622
1347	0.11352704980730921
1348	0.11362968026332469
1349	0.11353200999401843
1350	0.11348520286905782
1351	0.11352204200820067
1352	0.11320939863045679
1353	0.11329802458397634
1354	0.11308233940110644
1355	0.11317444676515426
1356	0.11305716621003023
1357	0.11284911497515529
1358	0.11278949906359445
1359	0.11271610375945393
1360	0.11266793923819987
1361	0.11247343747413993
1362	0.11249622066220077
1363	0.11227798731307832
1364	0.11227223471659085
1365	0.1123694710057805
1366	0.11210513278178315
1367	0.11203180621964805
1368	0.11210879897031642
1369	0.11193693451996553
1370	0.1118974558348199
1371	0.11167924762041694
1372	0.11171694118392521
1373	0.11153336162701327
1374	0.11161584337855207
1375	0.11150669727608534
1376	0.11142130653499153
1377	0.11129208132101633
1378	0.11120753279653116
1379	0.11127108422020827
1380	0.11114590922604511
1381	0.11106215261724901
1382	0.11108850653373539
1383	0.1108835835613145
1384	0.11075460580026249
1385	0.11083177682212934
1386	0.1107081765936056
1387	0.11047744291791124
1388	0.11063500886270852
1389	0.11038346071337049
1390	0.11039165331942194
1391	0.11029478514847386
1392	0.1101550790177778
1393	0.11012932936578579
1394	0.11010491863406113
1395	0.1098501882515611
1396	0.10981234066866488
1397	0.1098607673331379
1398	0.10978979636662559
1399	0.10961191031405476
1400	0.10961931552442712
1401	0.10943867094369951
1402	0.10950952925635889
1403	0.10924058780401959
1404	0.1092572243301355
1405	0.10914817842163702
1406	0.10905844758327582
1407	0.10902709473241429
1408	0.10903739798228164
1409	0.10896529084760967
1410	0.10868316214076373
1411	0.10889350472561551
1412	0.10865462559877483
1413	0.10855577002453849
1414	0.10861938714769251
1415	0.1085633541267298
1416	0.10839630482202915
1417	0.1081727147245484
1418	0.108261555975642
1419	0.10809155554697444
1420	0.1083953787496435
1421	0.1080969559079429
1422	0.1080038077052979
1423	0.10780852553031788
1424	0.1077372804574674
1425	0.10774054225498166
1426	0.1077306442751633
1427	0.1075148908656738
1428	0.10769364494639816
1429	0.10749756350353748
1430	0.10733664118091728
1431	0.1072031249469964
1432	0.10727769210655227
1433	0.10716529708679212
1434	0.10716901906941918
1435	0.1069016435710219
1436	0.10698334970976435
1437	0.10700307080693434
1438	0.10694546339772176
1439	0.10663651255216562
1440	0.10660223786896877
1441	0.10657904086761467
1442	0.10647602902214696
1443	0.10645503992788422
1444	0.10627995904709421
1445	0.106272479825304
1446	0.1063109887845625
1447	0.10625406605679082
1448	0.10615226595168695
1449	0.10610845971423999
1450	0.10591098036749737
1451	0.10585918341552095
1452	0.10567954742497601
1453	0.10570491753841697
1454	0.1057159881170389
1455	0.1056433806524537
1456	0.10559473048249388
1457	0.10555275641722565
1458	0.1053011139467481
1459	0.10531384549914741
1460	0.10530617719280459
1461	0.10523142078951377
1462	0.10506675906582437
1463	0.1048505944711437
1464	0.10488727589133488
1465	0.10479191536158776
1466	0.10478407805724167
1467	0.10477237767393499
1468	0.10488334252421691
1469	0.1046606371024983
1470	0.10468679065020545
1471	0.10459867105555891
1472	0.10450391629955334
1473	0.10434644854283302
1474	0.10422253087296894
1475	0.1042893923914077
1476	0.10417374894686934
1477	0.10412009246206871
1478	0.10392701837657865
1479	0.10374642806334093
1480	0.10383959302367204
1481	0.1037576313204516
1482	0.10373317375616194
1483	0.10351819350519753
1484	0.10361842573163832
1485	0.10333440673571205
1486	0.10338215164779047
1487	0.10337884171343166
1488	0.10322186649669784
1489	0.10317375348269922
1490	0.10311055752685223
1491	0.10302015742772093
1492	0.10289505867581704
1493	0.10290645259385471
1494	0.10293009472819521
1495	0.10265745469845781
1496	0.1027305871262009
1497	0.10242555284208374
1498	0.10254360394410514
1499	0.10246189041525586
1500	0.1024939885888173
1501	0.10240186480579522
1502	0.10214750262414089
1503	0.10233710569919464
1504	0.10222668736005076
1505	0.1021089338593026
1506	0.10201889643313931
1507	0.10200087736285265
1508	0.10176346683804209
1509	0.10171975723150661
1510	0.1015849746027159
1511	0.10161188334006019
1512	0.10139756927650655
1513	0.10150279209735777
1514	0.10149788536828225
1515	0.10127033833300654
1516	0.1012185175233549
1517	0.10130494130135509
1518	0.10101324413331839
1519	0.10100798898124422
1520	0.10102576802745614
1521	0.10082279970265487
1522	0.1007450905471804
1523	0.10086994496460423
1524	0.10066031959207436
1525	0.10054932903841277
1526	0.10053399762139803
1527	0.10049552639300892
1528	0.100383188648314
1529	0.10047788740386455
1530	0.10034501537052684
1531	0.10017805967230489
1532	0.09999964187710088
1533	0.10003115704431835
1534	0.10008773447147988
1535	0.0999636353685803
1536	0.09996532781085656
1537	0.09970099621577752
1538	0.09971292982195021
1539	0.0996542380325045
1540	0.0995372359698126
1541	0.0994799334906473
1542	0.09941598349087424
1543	0.09947281017270367
1544	0.09930952644396238
1545	0.09915491967220984
1546	0.09926054523754022
1547	0.09917647369749247
1548	0.09897541607845443
1549	0.09909911551675148
1550	0.09887033605120689
1551	0.09891721138833048
1552	0.09876078634691483
1553	0.09870533732361801
1554	0.09868175954990303
1555	0.09851419241195669
1556	0.09859207051835557
1557	0.09827109838782454
1558	0.09838746587565804
1559	0.09834072446839454
1560	0.09800817994216608
1561	0.09826396743755648
1562	0.09820265915036294
1563	0.09796534107130105
1564	0.09785790964110155
1565	0.09780996395896963
1566	0.09795098037286275
1567	0.09768094442894246
1568	0.09767823517869793
1569	0.09748207552017035
1570	0.09738366057243039
1571	0.09756673743850634
1572	0.09719417185844455
1573	0.09716272512377731
1574	0.09703823657106582
1575	0.09708438090900685
1576	0.09708480362055419
1577	0.0969350822147294
1578	0.09684597032278923
1579	0.0967425614327213
1580	0.09688136920838764
1581	0.096805108551783
1582	0.09658646861974139
1583	0.09661568461362449
1584	0.09644165670244825
1585	0.09640632921787852
1586	0.09643738879942579
1587	0.09621555602914995
1588	0.09619861930657769
1589	0.09628471087899318
1590	0.09605715307162599
1591	0.09604493574543688
1592	0.09593562674758567
1593	0.09593282055550338
1594	0.09580629392714173
1595	0.09565163438844401
1596	0.09566251436046908
1597	0.09566200790035843
1598	0.09549585407950013
1599	0.09551915142469795
1600	0.0953338948350067
1601	0.09528622023940135
1602	0.0953359506915193
1603	0.0952113879437667
1604	0.09497207883249648
1605	0.0949012451300449
1606	0.09503170621200858
1607	0.0948871410648145
1608	0.09471616600478916
1609	0.09480372244833495
1610	0.09459101933432118
1611	0.09450719200486025
1612	0.09450318695406017
1613	0.09438407223322162
1614	0.09454425894305775
1615	0.09421658847090099
1616	0.09424045795544045
1617	0.09422590663425805
1618	0.09409763671655813
1619	0.09403946092528423
1620	0.09398225290091357
1621	0.09387526075735969
1622	0.0938159932130249
1623	0.09383197769378505
1624	0.09351253424020936
1625	0.0934793985269994
1626	0.09362293832002551
1627	0.093281164679114
1628	0.09338542498334416
1629	0.09335556666572549
1630	0.09313353015016601
1631	0.0931953992039273
1632	0.09324447871456272
1633	0.09297847653292679
1634	0.09310951189707849
1635	0.0928185021381748
1636	0.09288539033484852
1637	0.09274551898530804
1638	0.09259597114665223
1639	0.09249440659973458
1640	0.09244504844359401
1641	0.09231796711979996
1642	0.09232303617906994
1643	0.09236310770830179
1644	0.09224345711476577
1645	0.09202204881160199
1646	0.09217615187885177
1647	0.09201882350450012
1648	0.09209244783555891
1649	0.09179560126532291
1650	0.09199180465294658
1651	0.09179970890598868
1652	0.09173200025358298
1653	0.09173328486300822
1654	0.09162658675787759
1655	0.0915280136183315
1656	0.09143884602281645
1657	0.09134304830662192
1658	0.09129015379153824
1659	0.09093284947333231
1660	0.09099527150809075
1661	0.09112382454891003
1662	0.09093192992862073
1663	0.09084296922154084
1664	0.09088180711669906
1665	0.09095942441021401
1666	0.09077175469871004
1667	0.090721574961572
1668	0.09050878829751452
1669	0.09061204577284769
1670	0.09039395552654542
1671	0.09051793788454443
1672	0.09046012104524026
1673	0.0902837385699303
1674	0.09020433318861638
1675	0.09014344423305717
1676	0.090100344969213
1677	0.09020917088445632
1678	0.08993931371650238
1679	0.08977409837655896
1680	0.08991113731359539
1681	0.08966623455629252
1682	0.08985066842025263
1683	0.08954056622164622
1684	0.08957443215737435
1685	0.08949489045538189
1686	0.08938859992572976
1687	0.08938531628227184
1688	0.08924753684831165
1689	0.0893070893673073
1690	0.08927131006611497
1691	0.08914889444568602
1692	0.08906847296541748
1693	0.08886094828672084
1694	0.0888893189248495
1695	0.08870278535794734
1696	0.08879672843891681
1697	0.08871946861668714
1698	0.08861192453885992
1699	0.0884859736781954
1700	0.08848920897187292
1701	0.08834809903529482
1702	0.08833467355793799
1703	0.08825120723212873
1704	0.08831923231728585
1705	0.08808752129317775
1706	0.08810228924639957
1707	0.08804995973278391
1708	0.08789617839296543
1709	0.08792679792047049
1710	0.08785368083812965
1711	0.08760423518163223
1712	0.08762012052984346
1713	0.08757961535453707
1714	0.08750299518158748
1715	0.08751570405854973
1716	0.08743799594173927
1717	0.08728296787646997
1718	0.0873161328813363
1719	0.08717357445357068
1720	0.08702091056603195
1721	0.08704080653399307
1722	0.08692093374547472
1723	0.08699450445340039
1724	0.08690787553778344
1725	0.0868133332123948
1726	0.08669391245949346
1727	0.08671060736674928
1728	0.08648822406816209
1729	0.08652889135438871
1730	0.08645918458100706
1731	0.08626545944414475
1732	0.08645120162974873
1733	0.08624410945860791
1734	0.08628625330235119
1735	0.08624435169212818
1736	0.08602451549450991
1737	0.08604439838017175
1738	0.08589744120644476
1739	0.08574828584451107
1740	0.08576771066637728
1741	0.08578266926649167
1742	0.08562484325752404
1743	0.08566838546994747
1744	0.08567674907317568
1745	0.08533249246357828
1746	0.08515457182281916
1747	0.08534933565399416
1748	0.08539352035653801
1749	0.0852287044312496
1750	0.0850061839198143
1751	0.08502365818060778
1752	0.08502831401001171
1753	0.08480901204223489
1754	0.0848492961158486
1755	0.08474812591198039
1756	0.08466823355135274
1757	0.0845526648581023
1758	0.08458484353097205
1759	0.08455981067544079
1760	0.08433133946049529
1761	0.08458087888613067
1762	0.0842299475178733
1763	0.08436592278950553
1764	0.0840961310608245
1765	0.08409653595041255
1766	0.08394130842384756
1767	0.08407748267206742
1768	0.08394283424228288
1769	0.0838519305687779
1770	0.08373965153088339
1771	0.0836105714852265
1772	0.08359323595593096
1773	0.08357745800081735
1774	0.0834981495535482
1775	0.08344098739703419
1776	0.08345962767922353
1777	0.08331582815369909
1778	0.0832664401291892
1779	0.08304828001939243
1780	0.08305888578390701
1781	0.08307479072204017
1782	0.08291949110547053
1783	0.08290286437732487
1784	0.0827378236254824
1785	0.08272563229798222
1786	0.08271001395407943
1787	0.08272231064028242
1788	0.0828286718027965
1789	0.08246894681029629
1790	0.08255870755428217
1791	0.08239360545564134
1792	0.08241123984800343
1793	0.08230642780350529
1794	0.08226632220986409
1795	0.0822104594803468
1796	0.08209044820981362
1797	0.08197976043475926
1798	0.0820112157818707
1799	0.08186700871529204
1800	0.08187945681675095
1801	0.08174774351618722
1802	0.08174270580839037
1803	0.08154226219061006
1804	0.08150005564120871
1805	0.08152314505492958
1806	0.08149490090612116
1807	0.08140507311278732
1808	0.08121343558270616
1809	0.08134153968802488
1810	0.08122658326777847
1811	0.08119313700897964
1812	0.08117493853283646
1813	0.08095880660255295
1814	0.08097552175177508
1815	0.08070514925667284
1816	0.0808760083181123
1817	0.08064427988463048
1818	0.08055763444970454
1819	0.0805026173655694
1820	0.08045900352178599
1821	0.08044642024970704
1822	0.08045662347037769
1823	0.08025763210201316
1824	0.0801207400340341
1825	0.08014857145229612
1826	0.08014527061595693
1827	0.0801137697322481
1828	0.07989277303904001
1829	0.0798679273622144
1830	0.07987035995491153
1831	0.07993810832046058
1832	0.07973508720278198
1833	0.07965155623167473
1834	0.07973523720379698
1835	0.07943901674860594
1836	0.07956303132370111
1837	0.07943967992486188
1838	0.07930143203479183
1839	0.07931359033470788
1840	0.07931514059831138
1841	0.07920391833645843
1842	0.0789888536122578
1843	0.07896571037816032
1844	0.07901486068164909
1845	0.0789302782075365
1846	0.07886711236830092
1847	0.07876321914171155
1848	0.07855538500052502
1849	0.07873314611638821
1850	0.07844838648675417
1851	0.07878253647497105
1852	0.07840963996405352
1853	0.07841737638169215
1854	0.07814649544547504
1855	0.07835488611497796
1856	0.07825516460802837
1857	0.07782648978748002
1858	0.07812196626688672
1859	0.07796103247238889
1860	0.07801128036096582
1861	0.0779958322306973
1862	0.07770014338361177
1863	0.07779679006634523
1864	0.07769314299101436
1865	0.07761752864183463
1866	0.0775615671903938
1867	0.0774673935203609
1868	0.07732061256001205
1869	0.07713975613279461
1870	0.07724871382473156
1871	0.0771845005735532
1872	0.07724583114708122
1873	0.07729255967563377
1874	0.07697899695572792
1875	0.07708510991177597
1876	0.07679216506999176
1877	0.07680792736167912
1878	0.07672020354134608
1879	0.07685160371367529
1880	0.076751657499664
1881	0.07652192280514628
1882	0.07660293514726488
1883	0.07650247867624174
1884	0.07645103682690066
1885	0.07622079090249351
1886	0.07627892162377861
1887	0.07629870537987764
1888	0.07614437822222246
1889	0.07607829002214882
1890	0.07597136798729039
1891	0.07588469286322883
1892	0.07595747665111119
1893	0.07574667236804268
1894	0.07568774550501249
1895	0.07572785584729162
1896	0.07566878202002629
1897	0.07569458084898599
1898	0.07552208950742187
1899	0.07543193625875265
1900	0.07539313148241181
1901	0.07530062791013697
1902	0.07519999626368425
1903	0.0752110030261682
1904	0.07511613774363085
1905	0.07501968189518299
1906	0.07497016204105711
1907	0.07493004377351893
1908	0.0749169568323439
1909	0.07475988939603231
1910	0.07466405580452076
1911	0.07463706006654357
1912	0.07456079081144934
1913	0.07460741646232125
1914	0.07454246535365348
1915	0.07440908885075087
1916	0.07436395129075205
1917	0.07426903372800073
1918	0.0742113971661804
1919	0.07432455725446104
1920	0.07401560312129508
1921	0.07402830215302986
1922	0.07379480961620734
1923	0.07398807885413895
1924	0.07391521517238937
1925	0.07363070426639276
1926	0.07369896022269437
1927	0.07375349601527231
1928	0.07366463921673842
1929	0.0736220936793093
1930	0.07346568916714823
1931	0.07328960271141993
1932	0.07326861422802179
1933	0.07328729776486582
1934	0.07313669566398795
1935	0.07324274893027197
1936	0.07311248306990198
1937	0.07304324580152842
1938	0.07313240818171945
1939	0.07283534940262416
1940	0.07297292256778587
1941	0.07283004625011028
1942	0.07289878369748985
1943	0.07280161362149253
1944	0.07258798755518066
1945	0.0725628601996168
1946	0.07241041543209172
1947	0.07243011622691296
1948	0.07241805589402993
1949	0.0723918675324223
1950	0.07230874512388875
1951	0.07210796898826809
1952	0.07200486680828845
1953	0.07207461921475371
1954	0.07203223359319395
1955	0.0720088281578518
1956	0.07182232792395622
1957	0.07186887759610328
1958	0.07181364475052487
1959	0.07160372689087388
1960	0.07154980923801568
1961	0.07161420046467636
1962	0.07163276389116892
1963	0.07146040606564244
1964	0.07137109337981384
1965	0.0713059995818712
1966	0.07132736674532056
1967	0.07122670077057185
1968	0.07106068111216608
1969	0.07101143829614491
1970	0.07110020291176952
1971	0.07102761042618647
1972	0.07094307417322229
1973	0.07084724011891268
1974	0.07076599428707012
1975	0.0705466800944915
1976	0.07068091280235622
1977	0.07059497861183268
1978	0.0706345262693584
1979	0.07042108864027175
1980	0.07041850991336997
1981	0.07036485907536436
1982	0.0701459646003884
1983	0.07024108925667197
1984	0.07013269329079502
1985	0.07006488319033226
1986	0.06992666081842605
1987	0.06990788910168283
1988	0.0700716178298657
1989	0.06988878270271336
1990	0.06981477215224625
1991	0.06966635871305282
1992	0.0696157171431827
1993	0.06975137653790546
1994	0.06957931548395525
1995	0.06941456347319325
1996	0.06945869846997665
1997	0.06949081606489849
1998	0.06939415471625508
1999	0.0692737912041976
2000	0.06930904726194846
2001	0.06910180980984741
2002	0.06914539392469321
2003	0.0690309909910609
2004	0.06886367755433005
2005	0.06883839462385444
2006	0.06897330461477354
2007	0.06876322967462781
2008	0.06880411751790179
2009	0.06879514806680462
2010	0.0686012738462043
2011	0.06843984008788244
2012	0.06852051110330402
2013	0.06857341038256631
2014	0.06836003858488762
2015	0.06809897642607715
2016	0.06815203192067745
2017	0.06833287996201173
2018	0.06809399523492715
2019	0.06799349511268153
2020	0.06798163166317335
2021	0.06780932174547773
2022	0.06782584791792308
2023	0.06764904477424655
2024	0.06791730232407348
2025	0.06762621499443687
2026	0.06750121457428845
2027	0.06770064740830062
2028	0.06749265123220466
2029	0.06761393095064629
2030	0.06742046324760695
2031	0.06732005730075077
2032	0.06722531806182258
2033	0.06712899543979645
2034	0.06721792234227457
2035	0.06717969050981111
2036	0.06708116456965708
2037	0.06693814369400938
2038	0.0669891151500529
2039	0.06681818024917954
2040	0.0668392216119318
2041	0.06679121604107503
2042	0.06687248986864758
2043	0.06669178677361323
2044	0.06651997391559149
2045	0.06649891385962767
2046	0.0664079194558843
2047	0.06640038824332115
2048	0.06620317821793986
2049	0.06626313621258381
2050	0.06623251204638829
2051	0.06630083419999178
2052	0.06599959195751726
2053	0.06598615353438542
2054	0.065817698184004
2055	0.06587836554272754
2056	0.06608801250899589
2057	0.06574666657600901
2058	0.06584372618295148
2059	0.06583541498757267
2060	0.0657358261201568
2061	0.06552743129777935
2062	0.06543181360434731
2063	0.06549463249494963
2064	0.06535114783591783
2065	0.06545414502834361
2066	0.06522741081215426
2067	0.06524026281452111
2068	0.0652276549025049
2069	0.06496680919442337
2070	0.06521033647032005
2071	0.06505490857835584
2072	0.06484043444464743
2073	0.06493134058317065
2074	0.06482097850691107
2075	0.06487209694157249
2076	0.06484223975953964
2077	0.06466455746132863
2078	0.06470955516013385
2079	0.06452949135401301
2080	0.06470842151479757
2081	0.06433266824761587
2082	0.06443416280425017
2083	0.0642883729257293
2084	0.06421224824982957
2085	0.06429786537489286
2086	0.06407671520005742
2087	0.06408844504892018
2088	0.06403608816406647
2089	0.06404002592661046
2090	0.06374309347410963
2091	0.06373615982639685
2092	0.06373843701570397
2093	0.06375443277501153
2094	0.06376311294638898
2095	0.06380867166451125
2096	0.06358017750325186
2097	0.06361825787772364
2098	0.06349269304943587
2099	0.0633375348055315
2100	0.06329097952948382
2101	0.06328633891580973
2102	0.0632024966493518
2103	0.06304647581466406
2104	0.06286191942349481
2105	0.06289425080226123
2106	0.06300374902877513
2107	0.06308079807857106
2108	0.06274084381995819
2109	0.06268297798318721
2110	0.06276926197190044
2111	0.06244446866259655
2112	0.06276653827645755
2113	0.06244605329991439
2114	0.06249542862385869
2115	0.06244190545235535
2116	0.062427164268980644
2117	0.06232951452373245
2118	0.06225560999387019
2119	0.06218001509902816
2120	0.06210509202694282
2121	0.062159336645750525
2122	0.062039497626721125
2123	0.06187590243255531
2124	0.061899539132127535
2125	0.061735735699409044
2126	0.06160407805882074
2127	0.06170411816011456
2128	0.06161898694615681
2129	0.06169533352770824
2130	0.06153620487688651
2131	0.0616028138084775
2132	0.06148374513087532
2133	0.06153687183066912
2134	0.06119185109411227
2135	0.06134443540664825
2136	0.06126292628682831
2137	0.061015384032156034
2138	0.061002015895145326
2139	0.060884180515472675
2140	0.06100308798683687
2141	0.06081826984201562
2142	0.060768303122926026
2143	0.06070293008747517
2144	0.06057681771321304
2145	0.0606428080609576
2146	0.0606505899811748
2147	0.060411375406999375
2148	0.06052887485247698
2149	0.060347391276578816
2150	0.06034014361063586
2151	0.06022269532027221
2152	0.060293783767804976
2153	0.06025257380366988
2154	0.06017241473627876
2155	0.06019532537782513
2156	0.059990701721917644
2157	0.059973380318463505
2158	0.06005355268121914
2159	0.05971427661657704
2160	0.05983174346982013
2161	0.059632207057344476
2162	0.05967525055802578
2163	0.059620877384319045
2164	0.059467930216197076
2165	0.05946753790763734
2166	0.0594105126755129
2167	0.059276076446006486
2168	0.05924899796360102
2169	0.05927907433121067
2170	0.05917051945921484
2171	0.05904547238539958
2172	0.059033615704398246
2173	0.05880319188429597
2174	0.058880963659951144
2175	0.05882143608903915
2176	0.058569667196957116
2177	0.058607784758952744
2178	0.05863142704642848
2179	0.05859141772075729
2180	0.05832648518868318
2181	0.05839789624224807
2182	0.05854506932745533
2183	0.05840340713125368
2184	0.058286418622059195
2185	0.05853723267552576
2186	0.058178824821237304
2187	0.05814360927792748
2188	0.05806154121900274
2189	0.058196260123984614
2190	0.05790464343934693
2191	0.057839480596247404
2192	0.05782465960483859
2193	0.05777836094989815
2194	0.05775065266132825
2195	0.057668303187876066
2196	0.05775868970064074
2197	0.05764182927975642
2198	0.0574925817523786
2199	0.05751779840284593
2200	0.057373480521838056
2201	0.05738027028542126
2202	0.057248523441887376
2203	0.05713799428083906
2204	0.057162427341141936
2205	0.05708995927096604
2206	0.05711453645703231
2207	0.05708366460518532
2208	0.056821856823806804
2209	0.056846115321326704
2210	0.05685921538406198
2211	0.05689032216403241
2212	0.05658312183367042
2213	0.056720506392527875
2214	0.05663543865268512
2215	0.056549047621377045
2216	0.0563707409091076
2217	0.056477482035055024
2218	0.056340147161089246
2219	0.056186719762704576
2220	0.05618068721718407
2221	0.05627516630197304
2222	0.056077552721492674
2223	0.055910470971940594
2224	0.05592365530517739
2225	0.055968366068511945
2226	0.05575975895536486
2227	0.05577383124814899
2228	0.055676222562313644
2229	0.05571700624646022
2230	0.05569938864787625
2231	0.0553981766792502
2232	0.05551945040642012
2233	0.05534256395874383
2234	0.05555213749581198
2235	0.05524528620992157
2236	0.055379702437836166
2237	0.055186260217601445
2238	0.05510294736398867
2239	0.05497935451648289
2240	0.05488766558557063
2241	0.05480704068669839
2242	0.054869195771997524
2243	0.0548777566118514
2244	0.05472493998421595
2245	0.05473235456175357
2246	0.05458815534622828
2247	0.054644393017900944
2248	0.05465885317660648
2249	0.054578954334135156
2250	0.05438322213317167
2251	0.05436823195560196
2252	0.05431720134583728
2253	0.05412972764485288
2254	0.0543322874123184
2255	0.054022213345510675
2256	0.054067143376944946
2257	0.05399021040951016
2258	0.0539051986920328
2259	0.05405005658288216
2260	0.053817328686792454
2261	0.053603095283760796
2262	0.0536435799977847
2263	0.05357271896026699
2264	0.0534604422878899
2265	0.05356072919936605
2266	0.053614520868206415
2267	0.053432263149775124
2268	0.05333238166823913
2269	0.05328448535441683
2270	0.053144113028704594
2271	0.05309957223188925
2272	0.05309585967908587
2273	0.05305914663950318
2274	0.05297563683897602
2275	0.052788420823595764
2276	0.05300481883345693
2277	0.0527797581526795
2278	0.05265000575311065
2279	0.05270321643732092
2280	0.052425045299928474
2281	0.05246480657396804
2282	0.05233663183951551
2283	0.052612309709802615
2284	0.05258803953442905
2285	0.05248158029279207
2286	0.052267533203871876
2287	0.05226878836142064
2288	0.05223712204949224
2289	0.05201276163699581
2290	0.05191691428170664
2291	0.051932458516184624
2292	0.05208246822474477
2293	0.051907934363043834
2294	0.05165959282930191
2295	0.051546275637086206
2296	0.05146429177176473
2297	0.05134637908726944
2298	0.051405534466946526
2299	0.05137178141805654
2300	0.05142637524686957
2301	0.051120156370338954
2302	0.05118830541266416
2303	0.05118807693172024
2304	0.050952499096852975
2305	0.05105176385382487
2306	0.05110314996125493
2307	0.05093693200421943
2308	0.050688511316953004
2309	0.050796142112046895
2310	0.050623277715577626
2311	0.050768667826726954
2312	0.050615213484595405
2313	0.050594116214778294
2314	0.05043791989307201
2315	0.050344926055649726
2316	0.050335719959659186
2317	0.050184925252629894
2318	0.05004629136290625
2319	0.05019984171499317
2320	0.050073746037663465
2321	0.05003431907811775
2322	0.049973540406980724
2323	0.04971364890410845
2324	0.04974107628162702
2325	0.04962163762223357
2326	0.04989349433917444
2327	0.04979308441016975
2328	0.049600101576619815
2329	0.04947613175105976
2330	0.04924294129108375
2331	0.04948735803259237
2332	0.04916800922110606
2333	0.049224520311688516
2334	0.04933813498104109
2335	0.04920765197995714
2336	0.04921608973078961
2337	0.049052337938082696
2338	0.04909553440768079
2339	0.04871584703842189
2340	0.048758604731218284
2341	0.04895869448888697
2342	0.0487274354315182
2343	0.04854594296196005
2344	0.04857872979416625
2345	0.04839189083004212
2346	0.04861545643811291
2347	0.04828622345875402
2348	0.04840274315148754
2349	0.04837727304202482
2350	0.048409669962598684
2351	0.048024671900427425
2352	0.0478905604361981
2353	0.048059459483324796
2354	0.04795848808605381
2355	0.048027314539748914
2356	0.04781078188505124
2357	0.04765147744551599
2358	0.04759046451064476
2359	0.04765871989451421
2360	0.04765148178327275
2361	0.04767866424256351
2362	0.04753071496028358
2363	0.04749151081017616
2364	0.04735290366467778
2365	0.04738802923417298
2366	0.04719645832813196
2367	0.04715900808334845
2368	0.04721560480369293
2369	0.047023080446627424
2370	0.04707476655003041
2371	0.047006697433735395
2372	0.04681280364158066
2373	0.0466704508512824
2374	0.0467092976968291
2375	0.0467557076960582
2376	0.04660181268769384
2377	0.04659008675514589
2378	0.04655260177190062
2379	0.04635406578100158
2380	0.04633601292719053
2381	0.0460609812058854
2382	0.0463265705445246
2383	0.04607050626641275
2384	0.04611439866578663
2385	0.04598413865395551
2386	0.04589282359461969
2387	0.045857192263487716
2388	0.04578303765705642
2389	0.045659454300158206
2390	0.045598023626393376
2391	0.04589746333407842
2392	0.04552405620007256
2393	0.04545737582272363
2394	0.04557309924992373
2395	0.04538617379590162
2396	0.04531943694937857
2397	0.045287059906670535
2398	0.04502135044294766
2399	0.04511154073027532
2400	0.04494468509608183
2401	0.044952381392484676
2402	0.04495619644247955
2403	0.044842525578100444
2404	0.04485518870874448
2405	0.04477140963577234
2406	0.044789784134582525
2407	0.044611320550780285
2408	0.04464420145279469
2409	0.04462157009947716
2410	0.04446785533512367
2411	0.04447179786905482
2412	0.04422980043945114
2413	0.04422231841091022
2414	0.04426477578548206
2415	0.04411634743688302
2416	0.0442996729265316
2417	0.04403526430346108
2418	0.043851623713934806
2419	0.043932283737725904
2420	0.04378660106072277
2421	0.043812837810403835
2422	0.043758507898294774
2423	0.04366712619394815
2424	0.043600147518508284
2425	0.04344006462678611
2426	0.04360874846690518
2427	0.04345470338435775
2428	0.04355938178221411
2429	0.0435150432105613
2430	0.04320920133112385
2431	0.043101296364950484
2432	0.043385878160907485
2433	0.04331197209729762
2434	0.04282887013477117
2435	0.04307008939198722
2436	0.042767675038621895
2437	0.04302089964296968
2438	0.043011855153430235
2439	0.042725093671457
2440	0.042722236335243746
2441	0.04267626955905499
2442	0.042542866089680144
2443	0.042498425906764226
2444	0.04263518393048264
2445	0.04246647906438004
2446	0.04232238062986166
2447	0.04233638276386507
2448	0.04222246647083623
2449	0.042107546654303114
2450	0.04216543227251167
2451	0.04228701874883238
2452	0.04203264015537003
2453	0.041973363605821594
2454	0.04184249648683225
2455	0.04192353079220327
2456	0.04171092771491887
2457	0.04188453735192444
2458	0.041769456510615074
2459	0.04185167692646724
2460	0.04176440582261965
2461	0.04162304519400428
2462	0.04160065863507567
2463	0.041578160079855264
2464	0.041523682531938534
2465	0.0413791277438964
2466	0.04149257929116843
2467	0.041465193277209676
2468	0.04122022604899233
2469	0.041388317403879944
2470	0.04124176384512156
2471	0.04138067423680591
2472	0.040972809180833035
2473	0.041081564422157
2474	0.041018710930767456
2475	0.04104751353486988
2476	0.0408861985000774
2477	0.04112865398996304
2478	0.040892867293547
2479	0.04073740722301677
2480	0.040963258445596035
2481	0.04095680653911516
2482	0.04079993130706792
2483	0.040616935628122804
2484	0.040661325856700035
2485	0.0406701932726794
2486	0.04076807661760208
2487	0.040626131610450186
2488	0.04068288686550745
2489	0.04025537803613814
2490	0.04062661268271693
2491	0.040564736320800404
2492	0.04044714090903246
2493	0.040569370078625926
2494	0.04047577827314587
2495	0.0401224345484206
2496	0.04025167823464547
2497	0.040269835955049606
2498	0.040303769718563594
2499	0.04026339006378518
2500	0.04026861448011978
2501	0.04018278422728387
2502	0.04021561590370929
2503	0.040188210078178056
2504	0.04012821600717123
2505	0.04003984467589691
2506	0.04023590291594086
2507	0.04005501015866157
2508	0.04023537775033126
2509	0.04019445844608452
2510	0.04013709474029934
2511	0.04007321611008759
2512	0.03995760917699966
2513	0.0400457496092477
2514	0.040100505411015105
2515	0.04001314058584595
2516	0.039866730156135455
2517	0.03973915238221749
2518	0.03971876050127208
2519	0.03976630234739574
2520	0.03954481206255768
2521	0.039688976579985
2522	0.03947364946482727
2523	0.03937700606294461
2524	0.039334553149237804
2525	0.03945756780429645
2526	0.039407961321152485
2527	0.039366710264310316
2528	0.039210794729012115
2529	0.03921803751430825
2530	0.03932786403546697
2531	0.03925495662951389
2532	0.03916218002709259
2533	0.039240115071148864
2534	0.039049755430961834
2535	0.039064714137302475
2536	0.03919994490275529
2537	0.038729371151365787
2538	0.03896135736936724
2539	0.038737090189641374
2540	0.03883393662098894
2541	0.038833216835716125
2542	0.03864256387289997
2543	0.03876507633381829
2544	0.03879369482606823
2545	0.038638154698443096
2546	0.038641786247946286
2547	0.038580488668590526
2548	0.038312511733881255
2549	0.03835813298226101
2550	0.038148297678055935
2551	0.03828963324083621
2552	0.038369472318354296
2553	0.038459109844116504
2554	0.038238100332121806
2555	0.038189930770278165
2556	0.03803123488903154
2557	0.038024310845559434
2558	0.03819386332663774
2559	0.03773569168772147
2560	0.03810513396482726
2561	0.037846922967482176
2562	0.037470283377236256
2563	0.03791923231030631
2564	0.037955475201105135
2565	0.03784186516249013
2566	0.037751717694361295
2567	0.03745722502226237
2568	0.0373862091899872
2569	0.03733646812036264
2570	0.037548356342240116
2571	0.037653520156512015
2572	0.037468554313929876
2573	0.0373270903416361
2574	0.037332555899257915
2575	0.03748138071159956
2576	0.036990513308206414
2577	0.03717979138127528
2578	0.0370174681151261
2579	0.03697356506770532
2580	0.03697544076262981
2581	0.03705424248776154
2582	0.036932409174942976
2583	0.03704901232009659
2584	0.037129551123468475
2585	0.036745004277687295
2586	0.03654759432553797
2587	0.036798248448897744
2588	0.03660539851613962
2589	0.03650154030573982
2590	0.03655274419360052
2591	0.036470566277427244
2592	0.03660701494271867
2593	0.03643723105158676
2594	0.0364327904582574
2595	0.036277768657998276
2596	0.03641630976633479
2597	0.03607198123730715
2598	0.03614170222962814
2599	0.03605487217297742
2600	0.036085695286241476
2601	0.0360053413925107
2602	0.036212978332841365
2603	0.03604942010196987
2604	0.03594885423807325
2605	0.035798221323727654
2606	0.035825480978928965
2607	0.03586790759309036
2608	0.03590405682655907
2609	0.035570463362291756
2610	0.03583662121197937
2611	0.03567988942339965
2612	0.03543776835936846
2613	0.03547153058403233
2614	0.03523103592569472
2615	0.03549780626427437
2616	0.03540473824245974
2617	0.035461908475171826
2618	0.035278263680536416
2619	0.03496936757854035
2620	0.0348302688056765
2621	0.035119685354981306
2622	0.03523534213014269
2623	0.03499709251867376
2624	0.03487247490753922
2625	0.034767537168792065
2626	0.034626777743411996
2627	0.034609953208480725
2628	0.03450002661968669
2629	0.0346753781633403
2630	0.034843270035181145
2631	0.03461178188048663
2632	0.034694968405690696
2633	0.03451328111480549
2634	0.03440914585701597
2635	0.03445589713029231
2636	0.034216592117204736
2637	0.03450572495641569
2638	0.033992654164834206
2639	0.034122331012596215
2640	0.03427097231273218
2641	0.03438301564140031
2642	0.033942070612479884
2643	0.03369944493620398
2644	0.03404960310741014
2645	0.033899919405114914
2646	0.033525286716874284
2647	0.03365547378042742
2648	0.03372500564541475
2649	0.033351633815537476
2650	0.033874974638184834
2651	0.033688823273966925
2652	0.03371596973435027
2653	0.033228540449162375
2654	0.03369549751373317
2655	0.03351492811120131
2656	0.033432236321815766
2657	0.03340303194918088
2658	0.03304666557288829
2659	0.033291313930604784
2660	0.033000747270521144
2661	0.03354825223436001
2662	0.033051800246499174
2663	0.03316299559023554
2664	0.033362553148424116
2665	0.03291347096772855
2666	0.032611735269927944
2667	0.03296640142818813
2668	0.032793941756444574
2669	0.03283070704442837
2670	0.032751404257378346
2671	0.03267170194159791
2672	0.032700121345181736
2673	0.032333811888458935
2674	0.032667761341388685
2675	0.032279983373295726
2676	0.032441256469425486
2677	0.03215148962829599
2678	0.03201385989163363
2679	0.032198151926206356
2680	0.03213484492394273
2681	0.032034894565800436
2682	0.03211745187924257
2683	0.032044082993899776
2684	0.03195614115215808
2685	0.03189584940623852
2686	0.03189838897687029
2687	0.03183357263432544
2688	0.03187165474624542
2689	0.031650531170523036
2690	0.03158132853156485
2691	0.031639959242305775
2692	0.03171320416240756
2693	0.03128844254741055
2694	0.03136597090008541
2695	0.031639424733893785
2696	0.031435323591937875
2697	0.0313690418244539
2698	0.030946876559434067
2699	0.031118415251787487
2700	0.03108437328706195
2701	0.031235520006175622
2702	0.031430410021413765
2703	0.031415943270099465
2704	0.03072771840316662
2705	0.03065306638817286
2706	0.030967072900907677
2707	0.030786180151711858
2708	0.030710586688028906
2709	0.03093205190457512
2710	0.030565193810349583
2711	0.030994019470275344
2712	0.03055017919305825
2713	0.030695378189624648
2714	0.03038218259877711
2715	0.03041068192407619
2716	0.030628713536316892
2717	0.030274649562842256
2718	0.02998546676761479
2719	0.0300659776431955
2720	0.030326492900362906
2721	0.030027425933486857
2722	0.030588523271898194
2723	0.03009828112975477
2724	0.02997038992713917
2725	0.0298707993500039
2726	0.02993839727527923
2727	0.029801789887636588
2728	0.0296060651074993
2729	0.02985877946469662
2730	0.029828522192483345
2731	0.029506771747041464
2732	0.029577158858832747
2733	0.029706443726922237
2734	0.029530578527630955
2735	0.02947970832595653
2736	0.029194412879235382
2737	0.02948207487716276
2738	0.02906752921094619
2739	0.02928643074769804
2740	0.029437713276751473
2741	0.028960025101636023
2742	0.029259527152330468
2743	0.02899281175351912
2744	0.029311476173525766
2745	0.02932058792366326
2746	0.02881671027133017
2747	0.029156894099582224
2748	0.028932684396894164
2749	0.028934332686484942
2750	0.028760401185269305
2751	0.02883235786858548
2752	0.028858573685912686
2753	0.028461515597672883
2754	0.02886453501771242
2755	0.028532874566440727
2756	0.02876807569244062
2757	0.02845364891896802
2758	0.028509916755989066
2759	0.028239923948124912
2760	0.02809896444795649
2761	0.028555957231905942
2762	0.028079677713247896
2763	0.028183858276534263
2764	0.028293105439501812
2765	0.02835176325852248
2766	0.02845797616074088
2767	0.02817352313759261
2768	0.028075387660030416
2769	0.028021236490073154
2770	0.027958084722130194
2771	0.02773193117262398
2772	0.02797632017632728
2773	0.027770431957379018
2774	0.027854863209609743
2775	0.02787206550466373
2776	0.027772923851399674
2777	0.027476440866681894
2778	0.02784296882386029
2779	0.027209614351677125
2780	0.027376334247244564
2781	0.027475396999348846
2782	0.02738734784962292
2783	0.027221545274155844
2784	0.02725200967364625
2785	0.027203418712268626
2786	0.02757700324815001
2787	0.027322908050574513
2788	0.027139578702511127
2789	0.026796789863369995
2790	0.02748189561483056
2791	0.027178777355688247
2792	0.027100949171750762
2793	0.027079048093349024
2794	0.026645715032174114
2795	0.026741676104478748
2796	0.02676033360078146
2797	0.026860235263764142
2798	0.02640225303969103
2799	0.026736155125911733
2800	0.02689420384851434
2801	0.026530000921913318
2802	0.02661668057775942
2803	0.026769173662834374
2804	0.026674339682115918
2805	0.02631191239257031
2806	0.026258417230270274
2807	0.026258155447421813
2808	0.026534354235992125
2809	0.02605858687532356
2810	0.026031283897478635
2811	0.026176107680216533
2812	0.026113016131338148
2813	0.025829705413318846
2814	0.026137968100874952
2815	0.025752915622011985
2816	0.025867243192310204
2817	0.025998749343796677
2818	0.025903805330409015
2819	0.025904186954057398
2820	0.02557818683410771
2821	0.026041094500020637
2822	0.025526238943646636
2823	0.02532672371755558
2824	0.025700633427995393
2825	0.025387690354357874
2826	0.02534728975985955
2827	0.02579582949430692
2828	0.025750989625808213
2829	0.02520372919366126
2830	0.025106161512270023
2831	0.02540464519300914
2832	0.02481554150779736
2833	0.02525051622170048
2834	0.025041501458586444
2835	0.024835245074535925
2836	0.024697375285706435
2837	0.02514888486553257
2838	0.024958457284172262
2839	0.025050046200444626
2840	0.024599514936931084
2841	0.025052160261319782
2842	0.0246088346604973
2843	0.02462641809214639
2844	0.024940511247605147
2845	0.024878340720704443
2846	0.024491435957256048
2847	0.024143988556122625
2848	0.024605846927893412
2849	0.024288570109840712
2850	0.024747782864779976
2851	0.024381969264281395
2852	0.024911856391365138
2853	0.024500603963502145
2854	0.024334344572599448
2855	0.02442763701340086
2856	0.0242675843381726
2857	0.024243619817358553
2858	0.02416155790881549
2859	0.02377714643303852
2860	0.023890715519491557
2861	0.024036109742398903
2862	0.02373982018027839
2863	0.02388998867727596
2864	0.02379049647193024
2865	0.023660969571348403
2866	0.02431299915521401
2867	0.023449173285129802
2868	0.023494310675832616
2869	0.023547419807149157
2870	0.024006759269534626
2871	0.023342842133213533
2872	0.02367970085486375
2873	0.02344278769084247
2874	0.023279612454075713
2875	0.023456015282453425
2876	0.023386381966896654
2877	0.023220701809165648
2878	0.023479735544780698
2879	0.022885648548470194
2880	0.023020171584307227
2881	0.023272661820735487
2882	0.023253977646951907
2883	0.022634851120132395
2884	0.02328642844465919
2885	0.02300642071428334
2886	0.023267075110021625
2887	0.022474379289001877
2888	0.022565971447875834
2889	0.022759025782761014
2890	0.022589232708246264
2891	0.022535418528339977
2892	0.022646855931135978
2893	0.022827978015603677
2894	0.022808882935842646
2895	0.022817514026582008
2896	0.022392614259194827
2897	0.0226073653677969
2898	0.022717526707901323
2899	0.022332662780718028
2900	0.022547204871340414
2901	0.02214543237356315
2902	0.022525792168239477
2903	0.022298809425237556
2904	0.02265075189417777
2905	0.022541504342482963
2906	0.022387802218915273
2907	0.022024116897945274
2908	0.02260348395146418
2909	0.022132577359719106
2910	0.022128791368166766
2911	0.022189850468095594
2912	0.022022604855317946
2913	0.022168402152199253
2914	0.021990542744722324
2915	0.022168894112179944
2916	0.02189551163998071
2917	0.021755016357063478
2918	0.02140441491886515
2919	0.022194350292654163
2920	0.021825737926208847
2921	0.021484885914948747
2922	0.02172238556331473
2923	0.021538652417537087
2924	0.021301026286686512
2925	0.021823207589867128
2926	0.021776374779777338
2927	0.021493792827291726
2928	0.021166212037970564
2929	0.021069092433578365
2930	0.02113495066008359
2931	0.02135457392386254
2932	0.021561031131437206
2933	0.02129441205678922
2934	0.021129048717154944
2935	0.021324413530741996
2936	0.02096421292592695
2937	0.02134778665669292
2938	0.02102917658583705
2939	0.021734271046748504
2940	0.020896962412854152
2941	0.02053897983829291
2942	0.02086180020490739
2943	0.020860430157819337
2944	0.020812411456623107
2945	0.020859833469387832
2946	0.020468829257523243
2947	0.020711968580794268
2948	0.020722245185063704
2949	0.020335367612284817
2950	0.020513840584794205
2951	0.020487679749536577
2952	0.02039470041539777
2953	0.020715720516284796
2954	0.02046887218852029
2955	0.02022312965529075
2956	0.020510388297235404
2957	0.02038774685164701
2958	0.02039370327413809
2959	0.019874592704776622
2960	0.019943232947222504
2961	0.01998560315290026
2962	0.019890763376154405
2963	0.020268991611283673
2964	0.019868136333009104
2965	0.01998847273750591
2966	0.01993440085784164
2967	0.01979491233088838
2968	0.01974380432860153
2969	0.019637099387789594
2970	0.019973565191865533
2971	0.01961003843435243
2972	0.020011443984296894
2973	0.019524530878796686
2974	0.020072096904685748
2975	0.018930897817578566
2976	0.01953952960578907
2977	0.019652267846989403
2978	0.01954652131321165
2979	0.019135324199876867
2980	0.019263779176641446
2981	0.019129657592141185
2982	0.018943107294159305
2983	0.019318318683875756
2984	0.019567486854834712
2985	0.019332864439196348
2986	0.019239358291276897
2987	0.018923386942611663
2988	0.018999643018006936
2989	0.01959086517231395
2990	0.01948434845306077
2991	0.019401165627028597
2992	0.018476505069903577
2993	0.019031156481320508
2994	0.018936226304583418
2995	0.019131083227768776
2996	0.018590498784886923
2997	0.018928641322393157
2998	0.01873268069952285
2999	0.018671706835653615
3000	0.018184771190464792
3001	0.018714510904253207
3002	0.019210180799831816
3003	0.018382380870073222
3004	0.018482250555239544
3005	0.018274050142730577
3006	0.018413375035667073
3007	0.01798044190465875
3008	0.018585628793505036
3009	0.018298701533599776
3010	0.018200894796483683
3011	0.018417763075930335
3012	0.017739106243032904
3013	0.018133535323534223
3014	0.018204001992336828
3015	0.01804849070852115
3016	0.018410492804712533
3017	0.01812060052865412
3018	0.017614771846227072
3019	0.017696708018540955
3020	0.01771609670013662
3021	0.01747360832377183
3022	0.01772581114210686
3023	0.017821446313736212
3024	0.017800177783493683
3025	0.018093374599188496
3026	0.01725625872173892
3027	0.017427774805023617
3028	0.017485257228649822
3029	0.017133270994533857
3030	0.017480498468124186
3031	0.0171932218085929
3032	0.017258127251781448
3033	0.017651232283353982
3034	0.01699007430242552
3035	0.01749784264554709
3036	0.016998243024025212
3037	0.017154506815316245
3038	0.016892776640594544
3039	0.017433362851181126
3040	0.01666792502486938
3041	0.017381138152047216
3042	0.016725921069031258
3043	0.016953714468325755
3044	0.017092596169439513
3045	0.017004260761265336
3046	0.016772963029030565
3047	0.016823002665981752
3048	0.01696935126227024
3049	0.01710582788328644
3050	0.016670332049817656
3051	0.016532627164759464
3052	0.016723938891676525
3053	0.01628382263121991
3054	0.016077440475012736
3055	0.016459685747541083
3056	0.016623376391218317
3057	0.016742940756882495
3058	0.01637297283972027
3059	0.016132431913422462
3060	0.016305411722932074
3061	0.016389676945750078
3062	0.015933153603952376
3063	0.01572765233038499
3064	0.016090239681153622
3065	0.015579442199971056
3066	0.016074838311729636
3067	0.01597260766454415
3068	0.016077302080628346
3069	0.01615820768326763
3070	0.015098968307741809
3071	0.015713990920778857
3072	0.015842441958519003
3073	0.015476013882632889
3074	0.01569399620173402
3075	0.015489871298084913
3076	0.01613640320853933
3077	0.015513360147379586
3078	0.015557363396619426
3079	0.015711177033015607
3080	0.015340135003068973
3081	0.015322693112524077
3082	0.015315172044723924
3083	0.015289198545969582
3084	0.015321546366855504
3085	0.014835481510412599
3086	0.015479630762144809
3087	0.015317568370826245
3088	0.015260082660460013
3089	0.014899595320570691
3090	0.015039243406464859
3091	0.014551675506505286
3092	0.01502395172307093
3093	0.01491257524915724
3094	0.01388301640911484
3095	0.014883112911510312
3096	0.014912976954699366
3097	0.014559615580569436
3098	0.014670129869144505
3099	0.014449360489535847
3100	0.014082422770940628
3101	0.014419116022523047
3102	0.014526163599075851
3103	0.013819727295680323
3104	0.014186869767442505
3105	0.014483465526549676
3106	0.014003184529782666
3107	0.014204996729725779
3108	0.01368497823621374
3109	0.014592829425445925
3110	0.013822274298632357
3111	0.013810218231059632
3112	0.013730831040983502
3113	0.013494173203408961
3114	0.014143467851548743
3115	0.013711320446251528
3116	0.013592871726310558
3117	0.013967468142115273
3118	0.013855861038795497
3119	0.012636402590564332
3120	0.013369495182106273
3121	0.013202391498413617
3122	0.013635093493092821
3123	0.012883212806912805
3124	0.012640757060145327
3125	0.013707365436459375
3126	0.01334862905813456
3127	0.012805168902901868
3128	0.012344593074949102
3129	0.013027891484965404
3130	0.012490064727784498
3131	0.013601015380786279
3132	0.012663584265839198
3133	0.012690818173831392
3134	0.012558440523645893
3135	0.012405882510015969
3136	0.012852526475558589
3137	0.012402879859947986
3138	0.012597912231696009
3139	0.012580433238013338
3140	0.012572698922168377
3141	0.012135976575228438
3142	0.012288556482995684
3143	0.01198539676040721
3144	0.012882966438529877
3145	0.011628252839993828
3146	0.01248502366357218
3147	0.011738038420258556
3148	0.012161647886347708
3149	0.012427293492080067
3150	0.011739840122739044
3151	0.012067590102251592
3152	0.012082426933914632
3153	0.011635542812875483
3154	0.011114176816413779
3155	0.011837879576735044
3156	0.012164015511143806
3157	0.011210241781366963
3158	0.01118495746765482
3159	0.010605450334312615
3160	0.011767682619861804
3161	0.011371433349935327
3162	0.011594319064182195
3163	0.010989328957618106
3164	0.011200842573122512
3165	0.010467304661563434
3166	0.010696250963211194
3167	0.011213224629593843
3168	0.01081269475141266
3169	0.010763182838298722
3170	0.01098900580620195
3171	0.010476831741146416
3172	0.01051165760466251
3173	0.01053678814436678
3174	0.010459804863674284
3175	0.010364252340818128
3176	0.010207756316026613
3177	0.010707558453156485
3178	0.010341300284021944
3179	0.01056039854724071
3180	0.009806702806150525
3181	0.010689698171717079
3182	0.010351461117681624
3183	0.010551455827013684
3184	0.010288392854048938
3185	0.009468930000796563
3186	0.00958990452832847
3187	0.011002050816853026
3188	0.009012031669158805
3189	0.010433826658905299
3190	0.009583843240926586
3191	0.009951689126213706
3192	0.009657954184940271
3193	0.008609126769262024
3194	0.009718479840668912
3195	0.009705157332141117
3196	0.008739221973883963
3197	0.00860532130052421
3198	0.00993050287247215
3199	0.009465756793290153
3200	0.00906389649324691
3201	0.009515881322382864
3202	0.008392012576655405
3203	0.008400833531301222
3204	0.008544476745801107
3205	0.00816975680041856
3206	0.00867452090724436
3207	0.009036682539958004
3208	0.008492362948700101
3209	0.007981928208981134
3210	0.008506375682177532
3211	0.008868219731487052
3212	0.008741438061700526
3213	0.009228155302217584
3214	0.00856839307819123
3215	0.00893098360524839
3216	0.008553521569783925
3217	0.007992909002449526
3218	0.008228200455726208
3219	0.008076573587229373
3220	0.008360871083203554
3221	0.0077846545089377975
3222	0.008588492160813024
3223	0.007690164604285625
3224	0.007923123973411945
3225	0.008563627946279935
3226	0.007515452073068453
3227	0.007670318379141793
3228	0.006594642004696581
3229	0.007732490774319613
3230	0.00784017007311191
3231	0.00755542413529294
3232	0.008140576132839993
3233	0.007773489731286309
3234	0.007877174060816979
3235	0.007514321390417028
3236	0.008357869084989325
3237	0.00750395790824042
3238	0.0064858151156064895
3239	0.007192190453684598
3240	0.00780364170565483
3241	0.007175960949900577
3242	0.006645264210792212
3243	0.006619491908389635
3244	0.006494187935053774
3245	0.006739940808186427
3246	0.007076301657695607
3247	0.006617549284850696
3248	0.006760999683169523
3249	0.006865530364418844
3250	0.006405288104514355
3251	0.007338819086404423
3252	0.006310549006870178
3253	0.007020127245949704
3254	0.006559554871074863
3255	0.0058320709081468745
3256	0.006368375274018659
3257	0.005371593250705628
3258	0.006098426281386547
3259	0.0066054531292762545
3260	0.0066498714233477274
3261	0.006541078489311573
3262	0.006694996324483873
3263	0.006144077750675715
3264	0.006063230287164621
3265	0.0061626888311995896
3266	0.00645135027192048
3267	0.0057137173988848
3268	0.006598205161851646
3269	0.005913268189766864
3270	0.005866653264662938
3271	0.005925852878143915
3272	0.005735056579171517
3273	0.00579643005338337
3274	0.005652694216076728
3275	0.006147515825413733
3276	0.005103791955527174
3277	0.006028261579245334
3278	0.005752179450702688
3279	0.005534778848015025
3280	0.005434612174234421
3281	0.005333068408955276
3282	0.005179139244445329
3283	0.005028598943628745
3284	0.004997868189149303
3285	0.005762558174586473
3286	0.00468349433937479
3287	0.005585665902268992
3288	0.005423849926717527
3289	0.005411537887232931
3290	0.0062146383239776596
3291	0.006440516405708353
3292	0.004970248401873691
3293	0.0044733621602875365
3294	0.0058935113994446585
3295	0.004947112655032461
3296	0.00492728391191231
3297	0.004778959620400517
3298	0.005338631578816308
3299	0.005941948534304139
3300	0.004546172649139207
3301	0.0047879700864158084
3302	0.004434294268424606
3303	0.005322763870300626
3304	0.004789422885702829
3305	0.004284265285217053
3306	0.004476356890788526
3307	0.005332840077477894
3308	0.005312199012671898
3309	0.004855139558445775
3310	0.0046295658523666785
3311	0.0042879428438547685
3312	0.00414376349139208
3313	0.004693283741213795
3314	0.0051115004605233735
3315	0.004476893254681118
3316	0.0051353270998320735
3317	0.005677035509695624
3318	0.004252250807550548
3319	0.005112410121079768
3320	0.00486933701909407
3321	0.005042304858699007
3322	0.004476310819959862
3323	0.004510953625437004
3324	0.004492712202281373
3325	0.0038801191027474403
3326	0.004469038269851994
3327	0.00403315623334785
3328	0.004250550435255595
3329	0.004570668098129069
3330	0.004438326350258804
3331	0.00436568107210443
3332	0.004729729700414083
3333	0.004338100166509482
3334	0.0034198100502448327
3335	0.004225002048738229
3336	0.004605036897256678
3337	0.004719857007870678
3338	0.004788003723560112
3339	0.004636338073090887
3340	0.005510277467991282
3341	0.004298913415230428
3342	0.004636068581826174
3343	0.004431291500438379
3344	0.003767412625427529
3345	0.0043885449421163705
3346	0.004157324262080331
3347	0.0035089499335400976
3348	0.005460855720021334
3349	0.004515502752825268
3350	0.004725260722967145
3351	0.004270894484192503
3352	0.005646159466006553
3353	0.004788394584139265
3354	0.002942523607939883
3355	0.005175099760586704
3356	0.004045268001492352
3357	0.0056380034046013185
3358	0.004080785211515695
3359	0.005374717021211035
3360	0.003680890538033395
3361	0.004665385373546225
3362	0.005699626729438256
3363	0.00393295624061778
3364	0.00503405572755418
3365	0.004747696225803778
3366	0.00392801796650341
3367	0.004846677214305282
3368	0.004478517662030504
3369	0.004312790134707943
3370	0.00395503326280475
3371	0.004701147868117015
3372	0.004124932801403389
3373	0.003456989247311828
3374	0.0043271221532091095
3375	0.004888964346349746
3376	0.00457186383190733
3377	0.004799293902427598
3378	0.005073607748184019
3379	0.006603985856637737
3380	0.002282158885586058
3381	0.003631646960005169
3382	0.004723534315087524
3383	0.005108368928966936
3384	0.004636365631736744
3385	0.0040267571954689056
3386	0.003968100457462159
3387	0.0036243445994998793
3388	0.0035726787030213704
3389	0.004034782608695652
3390	0.002857142857142857
3391	0.0054278165166775924
3392	0.0033657909049073344
3393	0.005108391608391608
3394	0.003214756258234519
3395	0.004057692307692307
3396	0.003735182550972024
3397	0.0025079895949461166
3398	0.0056718426501035195
3399	0.0036734022556390977
3400	0.004052532833020638
3401	0.003177002583979328
3402	0.0041995073891625614
3403	0.004561878952122855
3404	0.0018689375140988045
3405	0.0039647829647829645
3406	0.005216931216931218
3407	0.003723214285714286
3408	0.004789356984478935
3409	0.004618648018648018
3410	0.002
3411	0.003233695652173913
3412	0.006884408602150538
3413	0.0032983508245877056
3414	0.002471590909090909
3415	0.0029094827586206894
3416	0.003475132275132275
3417	0.004425287356321838
3418	0.0037877237851662404
3419	0.00392156862745098
3420	0.0022727272727272726
3421	0.004324392712550608
3422	0.004343434343434344
3423	0.0016666666666666666
3424	0.0009523809523809524
3425	0.004202898550724638
3426	0.002611111111111111
3427	0.0031746031746031746
3428	0.003367446393762183
3429	0.002463235294117647
3430	0.003611111111111111
3431	0.0033514492753623187
3432	0.004333333333333333
3433	0.003366013071895425
3434	0.004014285714285714
3435	0.0033596491228070173
3436	0.003333333333333333
3437	0.0033263157894736846
3438	0.003333333333333333
3439	0.003333333333333333
3440	0.0018181818181818182
3441	0.0065277777777777764
3442	0.00625
3443	0.004
3444	0.003
3445	0.0014285714285714286
3446	0.002857142857142857
3447	0.0017647058823529412
3448	0.005
3449	0.002727272727272727
3451	0.005
3452	0.0014285714285714286
3453	0.001
3454	0.0026785714285714286
3455	0.002
3456	0.0014285714285714286
3457	0.008666666666666666
3458	0.0017647058823529412
3461	0.0016666666666666666
3463	0.008333333333333333
3466	0.002857142857142857
3467	0.0025
3468	0.0014285714285714286
3470	0.002
3471	0.0025
3475	0.0025
3480	0.003333333333333333
3481	0.01
3486	0.0025
