1	0.9411953447748109
2	0.8066979349236655
3	0.7345662637348778
4	0.6754181571965997
5	0.631195973684277
6	0.5981901891582074
7	0.5701992959074247
8	0.5453552414579088
9	0.5222851842651309
10	0.5016007094287903
11	0.48391651817351566
12	0.4675386460948206
13	0.4531914832459492
14	0.4385613260310343
15	0.42631581704469806
16	0.4140774086735136
17	0.4014900540202606
18	0.3902040318703254
19	0.38016045219532846
20	0.37080615686718527
21	0.36137537944623677
22	0.3520153528625886
23	0.34382426198264077
24	0.33579611686791333
25	0.327686670192995
26	0.3202891902928795
27	0.31291868346822627
28	0.30642940865198964
29	0.2997605942871607
30	0.29330140394151644
31	0.2868812829370251
32	0.28078307041578987
33	0.27517987137051225
34	0.26924058146948526
35	0.26341881138651224
36	0.2583878609702995
37	0.25303154325717225
38	0.24775278261094602
39	0.24299120682104147
40	0.23790880709313733
41	0.2332765591038191
42	0.22862681806925034
43	0.22411348146569898
44	0.2200435614371075
45	0.21572319115929173
46	0.2112334076193736
47	0.20779846060014326
48	0.20367387699885586
49	0.19971245767562323
50	0.19577391583693501
51	0.19189536028464912
52	0.18853075091651667
53	0.18480986196234017
54	0.18158683271110262
55	0.17833387940757447
56	0.17463286428608057
57	0.17155148940240775
58	0.16816318119265494
59	0.1654024576623427
60	0.16201548660792822
61	0.15903999614068823
62	0.1562372797974821
63	0.1532696272264656
64	0.15064658478372764
65	0.14738822571607207
66	0.14471882235279146
67	0.1422877744754015
68	0.13953745726177644
69	0.13720663491380913
70	0.1347961603748146
71	0.13207678396882802
72	0.12985081004423157
73	0.1270367490181683
74	0.12495599278899068
75	0.12264494916973814
76	0.12053735599820978
77	0.11824261051792645
78	0.11607858390366768
79	0.11412265607940097
80	0.11194293739071913
81	0.11007206559620636
82	0.1077865117557267
83	0.10594521867290513
84	0.10398815358181696
85	0.10222775797817224
86	0.10022274480054522
87	0.09859857872255662
88	0.09660109086989198
89	0.0949761098228833
90	0.09315801711839165
91	0.09162898008014947
92	0.08988252272743054
93	0.08817198970257377
94	0.08673853786039117
95	0.08515279343402159
96	0.08358100978925533
97	0.08194478559492213
98	0.08058332504464559
99	0.07904598140306458
100	0.07769164481161175
101	0.07611549148292632
102	0.07474795467303195
103	0.07345572663340486
104	0.07213527068737363
105	0.07065688883026218
106	0.06940068821527111
107	0.06818571723240324
108	0.06695450378842066
109	0.06560565486070277
110	0.06446251213089665
111	0.06307777406455443
112	0.06208650554404332
113	0.0609150214442911
114	0.05982879658007669
115	0.05870103820840876
116	0.057501028585737336
117	0.05644144017861899
118	0.05530224370173437
119	0.054245622177100564
120	0.05330313881375577
121	0.05219730322103597
122	0.05120911951095142
123	0.05020377265469075
124	0.049247208510823905
125	0.04832685579536466
126	0.04746775798427565
127	0.046442887232363346
128	0.04544926287323666
129	0.044609680908603934
130	0.04379718009689868
131	0.04287116756738244
132	0.04211336399148753
133	0.041226554050971205
134	0.04035796640364237
135	0.039573419951954195
136	0.03876871745114058
137	0.038050115360796236
138	0.03724377829037896
139	0.03656705103466089
140	0.03572212338219754
141	0.03503172635504039
142	0.034311033438108714
143	0.033693316678875415
144	0.03293580549851369
145	0.03240103087052878
146	0.031574114116749624
147	0.03091814509391241
148	0.030299850632241
149	0.029722050814867902
150	0.02904714782411807
151	0.028477458488751974
152	0.027814835341996146
153	0.027235515259729524
154	0.026733869832331253
155	0.0261285055355563
156	0.025531094615709186
157	0.025048150489365335
158	0.024460591543223706
159	0.02399073343380449
160	0.02342241429708643
161	0.022977262724541817
162	0.022388352145529998
163	0.021882964266435986
164	0.021455620509907517
165	0.020976963902048132
166	0.02045561729631309
167	0.020052226160990196
168	0.01946975925620485
169	0.019132276326938032
170	0.018664391930543357
171	0.018194615774614727
172	0.017850728305907837
173	0.017397076459592476
174	0.016946620088247964
175	0.016537390569663215
176	0.016222879765403327
177	0.015684668216050936
178	0.015386138977284148
179	0.014974949760045523
180	0.014624535164581643
181	0.01419733489807236
182	0.013845727011016553
183	0.013512929850566461
184	0.013192857639179894
185	0.012852468236734832
186	0.012495261280785692
187	0.012203139146420792
188	0.011812929403139315
189	0.011519322284598113
190	0.011267161077110633
191	0.010950098931076605
192	0.01059980403176848
193	0.010333940076081375
194	0.010054799656749365
195	0.009873871344114986
196	0.009453533000157409
197	0.009265411243221116
198	0.008990744306667254
199	0.008707042022008426
200	0.008457599517851532
201	0.008275160154262561
202	0.007991142410509007
203	0.007772402751706508
204	0.007522984605375162
205	0.00735097255881615
206	0.007121669478257734
207	0.00689121674136338
208	0.006662755539192112
209	0.006498787634722515
210	0.006273339239252472
211	0.006120244370781874
212	0.005932934579108265
213	0.005747869348381962
214	0.005562078326123349
215	0.00533965421757554
216	0.00520510078777144
217	0.00502155099882654
218	0.004845028639333531
219	0.00470843028135247
220	0.0045336784878208655
221	0.004401416531585828
222	0.004223979517284121
223	0.004089466327783606
224	0.0040170392245716035
225	0.0038205246488942487
226	0.003689409638521116
227	0.003591626348735824
228	0.0034666112966055245
229	0.003342690601847526
230	0.003197517140938995
231	0.0031079225438143563
232	0.0029934589857397186
233	0.0028709273404265282
234	0.0027798793534563873
235	0.0026898250848151387
236	0.002550708691430974
237	0.002499059721122207
238	0.0023768980800475087
239	0.002289171487140648
240	0.0022244319129544853
241	0.002122377560745051
242	0.0019975338787627177
243	0.0019533559750729776
244	0.0019100191236743804
245	0.0018187278527877194
246	0.001724690014633548
247	0.0016597408415945226
248	0.0016157115105841237
249	0.0015589819000760225
250	0.001502324138064358
251	0.0014641551323887748
252	0.001373783705040579
253	0.001347539539689072
254	0.0013225930009077849
255	0.001233591532834557
256	0.0012119233159823585
257	0.0011957305504599525
258	0.001101609591524961
259	0.001050864673563908
260	0.0010643655729567802
261	0.0010212976495489181
262	0.0010001451781472773
263	0.0008596653307121168
264	0.0009186604567163228
265	0.0008886571974285609
266	0.000828210350386738
267	0.0007967346203788133
268	0.0007163718033055246
269	0.0007568716519027647
270	0.00069468325705037
271	0.0006470833437821624
272	0.0006437535028342138
273	0.0005794410525087028
274	0.0005516291100765185
275	0.0005296814346261469
276	0.0005306303984815501
277	0.0004969688393741334
278	0.0004564350923569289
279	0.0004450031562110853
280	0.0003966870644138961
281	0.00039373332925118947
282	0.00042258665123978776
283	0.00038933732621171033
284	0.0003481711716307375
285	0.00034017923558411474
286	0.0003013348790658778
287	0.0003032061609867518
288	0.00030085731063766194
289	0.00024440321641211373
290	0.00024725537068371304
291	0.00024321920474163473
292	0.00022482085114049088
293	0.000209445272201043
294	0.0001794367053404247
295	0.0001648264400203056
296	0.00018324860978056608
297	0.0001232405729375905
298	0.00013712041286721718
299	0.00012663503106556467
300	0.00013741815503482907
301	0.00012874215991554532
302	7.801675569013347e-05
303	8.790583006940208e-05
304	3.957848318423083e-05
305	7.575250884491606e-05
306	6.558966984821606e-05
307	3.327845156446264e-05
308	7.482775849318182e-05
309	4.61012307103313e-05
310	4.9228345184227546e-05
311	1.9378677732098062e-05
312	2.948504983388704e-05
313	2.9805443598547045e-05
314	1.9287320532779796e-05
315	2.1980501041206537e-05
316	2.104247104247104e-05
317	1.3996965692751923e-05
318	1.3988750305698215e-05
319	1.8546747967479675e-05
320	8.130081300813009e-06
321	1.1363636363636365e-05
325	1.1235955056179774e-05
