1	0.9436632794324745
2	0.8195868877505371
3	0.7552468118340968
4	0.7030871605516087
5	0.6632746516607614
6	0.637591034864378
7	0.6126307101015204
8	0.5942450300909699
9	0.5755396771049208
10	0.5603618801085086
11	0.5454861193080958
12	0.5342486335918898
13	0.5214531873149281
14	0.510646685117159
15	0.4982414294839794
16	0.4917256991321011
17	0.4849940949841607
18	0.4754726093262968
19	0.46803706428805225
20	0.46169568662189897
21	0.4531603153566007
22	0.4488113029208619
23	0.4409529735622584
24	0.4352058030811229
25	0.43020173925716354
26	0.42476425363908904
27	0.4195749847743873
28	0.41570455716398663
29	0.4101730837723461
30	0.4053564197782878
31	0.4017592398452314
32	0.3975144816495253
33	0.39380960435700385
34	0.3887986375071745
35	0.38537612418872846
36	0.381412784512119
37	0.37807996570084035
38	0.37434880344263116
39	0.3723196294063147
40	0.3680958442429874
41	0.36521888523697604
42	0.3617693180651853
43	0.35958389709609373
44	0.35540477849032165
45	0.35311290299698855
46	0.3500052018336976
47	0.3471046751996113
48	0.3437514746197096
49	0.3420108776172417
50	0.33957536727903703
51	0.33741721127389923
52	0.3340255550400756
53	0.3325131881910992
54	0.3290721320700553
55	0.32768540324169587
56	0.32500903949694
57	0.3233491283329197
58	0.320878949786424
59	0.31854200093707663
60	0.316934476811794
61	0.31424138675639385
62	0.3121884456613298
63	0.3097399115400899
64	0.30847482787230396
65	0.3063378859057911
66	0.3045040977209963
67	0.30291258292054335
68	0.2996568755980047
69	0.2979948122184139
70	0.2970833654219548
71	0.2949841266866425
72	0.29331069874219917
73	0.29171548339297665
74	0.2897139103717229
75	0.2878643592233552
76	0.2869367595598485
77	0.2848558172645591
78	0.2828426219311131
79	0.28098179583601723
80	0.28031974697927015
81	0.2786791564494303
82	0.2768293552216203
83	0.27515188101199944
84	0.2744980011679431
85	0.2726451046551963
86	0.27025764474154423
87	0.2694057450982435
88	0.2681784626944567
89	0.2667151299271353
90	0.26622185490308165
91	0.26417864794001655
92	0.2630318744804762
93	0.2607832091269094
94	0.26019925797222276
95	0.2586774055861997
96	0.25731473397875376
97	0.2563917797047579
98	0.2547497112587258
99	0.25392164474811413
100	0.25266968427922454
101	0.25125942425604614
102	0.25030845171694066
103	0.24868171004183362
104	0.24783653963063482
105	0.2465749466716089
106	0.24511698730432305
107	0.24425979630128183
108	0.2431745583819629
109	0.24229044075599926
110	0.24083447097042934
111	0.2399313740884517
112	0.23864893502952753
113	0.23778018884906651
114	0.23686786734753285
115	0.23560931877172775
116	0.23488786485172725
117	0.23329368087182284
118	0.23184820369291098
119	0.23063313390355247
120	0.23007109594466996
121	0.22960771671889835
122	0.22784357589019558
123	0.2270024100579332
124	0.22585107343509073
125	0.2252381477491311
126	0.22457360614050031
127	0.22381254350490945
128	0.22251226554776665
129	0.22167464040974527
130	0.22061017182457504
131	0.2193091734533027
132	0.21875255009109917
133	0.21764754245324278
134	0.2169477616403188
135	0.21569914146950173
136	0.21492042795616567
137	0.21446508232411574
138	0.21345922947821766
139	0.21281335058733358
140	0.2115549933909583
141	0.21013822130696103
142	0.2099773562785355
143	0.20898690502305686
144	0.208059064248343
145	0.2073640647540642
146	0.2065572860898092
147	0.206182078995299
148	0.20502297843214445
149	0.20449626735511914
150	0.2031892554935013
151	0.20324565786027896
152	0.2014331403457423
153	0.20124853042241686
154	0.20039803789572705
155	0.1994353153392758
156	0.19931137761439907
157	0.19762082091796812
158	0.19707679437015366
159	0.1964881672657917
160	0.19588359549053638
161	0.194965674918197
162	0.19405445693317114
163	0.19356488323499846
164	0.19224337377421957
165	0.1919509074113353
166	0.1907319395065952
167	0.1907375212596251
168	0.1900481604158302
169	0.18924772176955204
170	0.18864521982879687
171	0.18772784984947374
172	0.18663462398766886
173	0.18643489669868615
174	0.18546320785942405
175	0.1851776731922816
176	0.18407920090630353
177	0.18375680104126083
178	0.18257952051118212
179	0.18226935814724232
180	0.18188678691063148
181	0.18077112864192063
182	0.18035090304244789
183	0.17948301120531396
184	0.17911682040128188
185	0.1780911560270689
186	0.17797626366162425
187	0.17714277798382405
188	0.1762919104671283
189	0.17631396521048567
190	0.17519767536194203
191	0.17445276181385969
192	0.173848346390661
193	0.17332299160517636
194	0.17279137006654458
195	0.17229879583983834
196	0.17108407537247394
197	0.17083431811415464
198	0.16995108469204878
199	0.1693308797345262
200	0.16900741613413128
201	0.16855050139108144
202	0.16778018535805683
203	0.16729768991758068
204	0.16677020039560386
205	0.16624911606403223
206	0.16512282345853746
207	0.16491667523726242
208	0.16413824808181193
209	0.1636161571284493
210	0.16314478021767603
211	0.1627010673046441
212	0.16203985449945196
213	0.16131370592239075
214	0.16067434331835642
215	0.1602507627187984
216	0.15951967821230179
217	0.15895662947449055
218	0.15858290761619373
219	0.15801077622168463
220	0.1575617971862485
221	0.15691868137255022
222	0.15635717621194312
223	0.15572452439080417
224	0.15582095646417068
225	0.1551192127724213
226	0.15448439905737477
227	0.15388875866129512
228	0.15325294173491702
229	0.15268337428278714
230	0.15248644274246903
231	0.1516212277597538
232	0.15114311847457698
233	0.15089099822500252
234	0.14997858597625344
235	0.14986287245297145
236	0.1493009469496709
237	0.14884535285449452
238	0.14847264582698372
239	0.14745432624939986
240	0.14716813834293327
241	0.1466092449242865
242	0.14621739283774865
243	0.1456520474947323
244	0.14503965334014132
245	0.14470161895796801
246	0.14421351855983996
247	0.14365214549355146
248	0.14335268749074292
249	0.1425452785458556
250	0.142431455417354
251	0.14174583476811395
252	0.14151106258759658
253	0.14068304825959374
254	0.14070662831707914
255	0.1400094209790045
256	0.13943491953256593
257	0.1391223454493308
258	0.1386634272693938
259	0.1382727109081578
260	0.13757687927893364
261	0.1369498743728994
262	0.1366589267821477
263	0.13630596413313828
264	0.13564257605379693
265	0.135347279539623
266	0.13481165078911092
267	0.13468102162135057
268	0.13389298050858667
269	0.1332815795496671
270	0.13308072913980223
271	0.132750461656034
272	0.13231482304473025
273	0.1318421642321057
274	0.13149885710176656
275	0.13056983660245483
276	0.13076158189353868
277	0.13006634476391074
278	0.12967178656385517
279	0.12939655859613355
280	0.1288971650731284
281	0.12830990366800943
282	0.1278770433692307
283	0.12748483678628875
284	0.12689779773216162
285	0.12679924515646182
286	0.12628181756935022
287	0.1255882339134732
288	0.1254961146053037
289	0.1249086135390173
290	0.12440965128263373
291	0.12385718467052027
292	0.1237125127747449
293	0.12301599769453325
294	0.12279150253861708
295	0.12229528754185866
296	0.12188881167698115
297	0.12172390322917936
298	0.12110886046465985
299	0.12077280507897026
300	0.12026793048682302
301	0.11983238764611075
302	0.11963561538634279
303	0.11950108236232777
304	0.11896743458873381
305	0.11834736053975295
306	0.11803681288388004
307	0.11755822638788369
308	0.11742745234151394
309	0.11688358118071265
310	0.11666399543942729
311	0.11614500568582514
312	0.11576970877838245
313	0.11546004372753148
314	0.11501830776294486
315	0.11453250313813788
316	0.11441570918882311
317	0.11401537046646962
318	0.11353607977903829
319	0.11273307546771281
320	0.11268359737959278
321	0.11218097051559932
322	0.11186312513703553
323	0.1114799495603944
324	0.11118298455777934
325	0.1112356316412895
326	0.11058383762424827
327	0.11035505583643411
328	0.10996334067509558
329	0.10919902911852697
330	0.10919985346279272
331	0.1087108459325464
332	0.10820743517955586
333	0.1083815542538348
334	0.10772588003650492
335	0.1075820452203304
336	0.10702049402023135
337	0.10658713710678491
338	0.10607223338752539
339	0.10588893399748206
340	0.1058369849969929
341	0.10506070362303534
342	0.10499687886686793
343	0.10463589016633136
344	0.10442146352922933
345	0.10388234371675675
346	0.10348517887235278
347	0.10343293611726224
348	0.10295690779262316
349	0.10248169707047688
350	0.10216827349753727
351	0.10188530877193586
352	0.10145955555304974
353	0.10122743969773154
354	0.10085866269009294
355	0.1005644971090675
356	0.10023920423738715
357	0.10016170048670833
358	0.09956926865025777
359	0.09905332767602787
360	0.09906568230501157
361	0.09879813121526099
362	0.09843493930744332
363	0.09810511503820582
364	0.09750121795992536
365	0.09744432765372009
366	0.09693694958201576
367	0.0968019531120444
368	0.09653045562558633
369	0.0960506940084834
370	0.09548202799406251
371	0.09551817673007063
372	0.09549451012911003
373	0.09509810473592886
374	0.09458521195231563
375	0.09424777075109451
376	0.09413713935696859
377	0.09360331687993467
378	0.09343884826409737
379	0.0929983324042467
380	0.0927131066454526
381	0.09241167132664647
382	0.09237638746956081
383	0.09195607050803016
384	0.09159478226217449
385	0.09147042563090159
386	0.0910340793215612
387	0.09097062734961404
388	0.09029991218489852
389	0.09017988401671526
390	0.08998235095240022
391	0.08961779966342086
392	0.08950932048776183
393	0.08895045196753182
394	0.08872766979746784
395	0.08844523554943284
396	0.08823122286361365
397	0.08788929924131587
398	0.08749975513527415
399	0.08730995769392734
400	0.08703918751326677
401	0.08661728395272685
402	0.08662718351696441
403	0.08611868372910582
404	0.08595150704191373
405	0.0856130613901893
406	0.085209249686749
407	0.08490232697789662
408	0.08487928740605247
409	0.08452115391044492
410	0.08439951600696201
411	0.08380698547151569
412	0.08383316981754561
413	0.08354547928411193
414	0.08325320754751042
415	0.0829195058516377
416	0.08268230680201948
417	0.08236643972350847
418	0.0823979593119431
419	0.08187274098106193
420	0.08161123597906184
421	0.08133464840270918
422	0.08101623132535953
423	0.08061448529385189
424	0.0806089898875661
425	0.08047892712000086
426	0.08003210100050884
427	0.07956941561162824
428	0.07956875151248431
429	0.07921094551259131
430	0.07894274814360283
431	0.07876057562062527
432	0.07859302359972821
433	0.07826743459776242
434	0.07816120534209145
435	0.07772126878810255
436	0.07751097802965147
437	0.07717871749039054
438	0.07702078950722113
439	0.07667861517208446
440	0.07629664288755544
441	0.07625652894224502
442	0.0759524719328698
443	0.0758381344564021
444	0.07537984985665247
445	0.07535750664480474
446	0.07500123648985757
447	0.07479027987448152
448	0.07443761521673779
449	0.07430345321047092
450	0.07398481789910295
451	0.07380299539314972
452	0.07356634923120123
453	0.07335384838647468
454	0.07312517660020483
455	0.07283432137877988
456	0.07277150010853646
457	0.07232058276802997
458	0.07211811172165965
459	0.07185291996329597
460	0.071709335310681
461	0.07139702830228165
462	0.07102716221402526
463	0.07091055562669137
464	0.07051173116494798
465	0.07051056069523541
466	0.07029565127512119
467	0.07000755666642779
468	0.06980339028664816
469	0.06978479185772123
470	0.06941016484196247
471	0.06896437158779146
472	0.06876348626433455
473	0.06863561724942915
474	0.0683595091962494
475	0.06801534226382873
476	0.0680274899956008
477	0.06780064337603353
478	0.06764622741768261
479	0.06742522822015892
480	0.06709956018437863
481	0.0668731427888846
482	0.066755560804389
483	0.06631488453559563
484	0.06613156310239215
485	0.06586889236132124
486	0.06577710545911192
487	0.06556916746568442
488	0.06520062637676202
489	0.06504685802084706
490	0.06489673544081781
491	0.0647959502911365
492	0.06439785596724906
493	0.06428435420942819
494	0.06408134951729653
495	0.06399320670397961
496	0.06352988498309284
497	0.06352297593174319
498	0.06337783641833342
499	0.06315806947233141
500	0.06288295951287604
501	0.0627316363224607
502	0.06246222439651854
503	0.06223832970986151
504	0.06220941072138401
505	0.062041842768774155
506	0.061683643768310474
507	0.06143781191034772
508	0.06141645011855974
509	0.061011686660263804
510	0.060894819249591274
511	0.06082255132539986
512	0.060488360489021356
513	0.060341275176446454
514	0.060140770035172195
515	0.05995605644039479
516	0.05963191329545495
517	0.059649611326128484
518	0.05940876072787761
519	0.05908565398459418
520	0.05913880343147443
521	0.058598378331978285
522	0.058591721620492095
523	0.05848407495098918
524	0.05824834201976604
525	0.05813318008755974
526	0.05798217042922341
527	0.05773993550404929
528	0.05749077015270115
529	0.05731691741892729
530	0.05724064361809391
531	0.056980341678317004
532	0.05666930785810324
533	0.05668419953020683
534	0.05648386317529603
535	0.05621683068694208
536	0.05630707789309595
537	0.05603552016682162
538	0.055787855113091034
539	0.05551981140600836
540	0.0556486788254224
541	0.05519466829188633
542	0.05505604182977495
543	0.0549229706315901
544	0.054662930132672274
545	0.05450589746235116
546	0.05438145972851631
547	0.05425746253790979
548	0.05404682904492712
549	0.05390205948678164
550	0.053700257976477955
551	0.053471982159306285
552	0.05348203266608689
553	0.05322600734451629
554	0.05302392714136893
555	0.05295359199309174
556	0.05271120744149098
557	0.05252914161584661
558	0.05240174310046128
559	0.05221205337382418
560	0.052028994605536276
561	0.05183971644237651
562	0.05157478378590166
563	0.05141052762875696
564	0.05139683625238742
565	0.05111905989737389
566	0.050977765552417724
567	0.05090688523452446
568	0.050782542709042186
569	0.05070070011736671
570	0.050460967860568286
571	0.05021444880634154
572	0.050211967783371086
573	0.050004591297032996
574	0.04984929979673289
575	0.049716253344848235
576	0.04938364194557109
577	0.04927980662101853
578	0.04916115002833296
579	0.048924820198606674
580	0.04873023711595929
581	0.048648616367210816
582	0.04869441814671369
583	0.04839668836900848
584	0.04815526374321067
585	0.04810281953721412
586	0.04795072792029838
587	0.047629982733179824
588	0.047591963672093264
589	0.04741964316671154
590	0.047377742447942725
591	0.04718793609585431
592	0.046883341257394136
593	0.046778325624570447
594	0.04653616341582116
595	0.04663968857474842
596	0.04640564041470657
597	0.046176737107560095
598	0.04627694909488714
599	0.045982331139037186
600	0.046064106877189745
601	0.0456031327038075
602	0.04537982772108266
603	0.04549211444871617
604	0.04531337895534828
605	0.04519178611112773
606	0.0449700105592491
607	0.04485524516464297
608	0.04475363369371654
609	0.04450126015546497
610	0.044559735227519444
611	0.0442767564960651
612	0.04418603693336265
613	0.04398890919051653
614	0.04403401641345667
615	0.043681070410555176
616	0.04359209978502118
617	0.04339952274328752
618	0.04329594241817187
619	0.043146140483033966
620	0.04313504441185839
621	0.04292249450561739
622	0.04281812813743288
623	0.042655584526485664
624	0.04260856222059698
625	0.04233487277585625
626	0.04227813258976509
627	0.04211232039741109
628	0.041894825412855635
629	0.041802950001914814
630	0.041822338977518976
631	0.0415957744996728
632	0.041447467632902676
633	0.04128175686258413
634	0.04116640222403383
635	0.04109208521169979
636	0.04102491173652594
637	0.04083582817897282
638	0.04051233629213733
639	0.04051869420713384
640	0.04041736659931489
641	0.04039026561211775
642	0.040167754886184126
643	0.040054056346062225
644	0.03989043251227678
645	0.03971665490478782
646	0.03979955564331995
647	0.039486131957702494
648	0.039504721059558545
649	0.03932616034740468
650	0.039195941928528814
651	0.0391038500915474
652	0.03898704141971715
653	0.03880104849766287
654	0.03869038576524111
655	0.03860656284099452
656	0.038342373715595776
657	0.03833625903882504
658	0.03825607660115257
659	0.03819356980312955
660	0.03791050057259347
661	0.03779874756370782
662	0.0376939703454702
663	0.03779855988685161
664	0.03741714331323069
665	0.03737216323963949
666	0.03721891146411408
667	0.03711879854408165
668	0.03700632272073955
669	0.036966699910689946
670	0.03666622521174048
671	0.03662635422715847
672	0.036711642776650795
673	0.03652629433234075
674	0.03641386267543913
675	0.036148630061685776
676	0.0361657266783403
677	0.03602053449981861
678	0.03592954170428609
679	0.03575853927799991
680	0.03561744167897355
681	0.03560094680891412
682	0.035503978582173225
683	0.03541248776440556
684	0.03520658363861818
685	0.035262145594958036
686	0.03503859445209334
687	0.03487497210169671
688	0.034817535997804905
689	0.03467060692528589
690	0.03452966880944014
691	0.03431907754423319
692	0.03419837298920115
693	0.03421337842454647
694	0.03414200030628942
695	0.03393163372635627
696	0.03390111213642873
697	0.033781317896672984
698	0.03370112975136257
699	0.03344326402632836
700	0.03353861430212477
701	0.03349417117167887
702	0.03321024909286673
703	0.033095285702775624
704	0.03316675540007108
705	0.032887025153629984
706	0.0328757451065402
707	0.03292237304989937
708	0.03275449875947937
709	0.0326346866727409
710	0.032368445463937884
711	0.0323613365262288
712	0.03226457555300479
713	0.03221534934987514
714	0.03208997594541039
715	0.03185735405178602
716	0.0318576088687134
717	0.03180287008101643
718	0.03166779621326488
719	0.031586354491494134
720	0.031456781171863527
721	0.03123452423350532
722	0.031455611885231244
723	0.031199627281291328
724	0.030994457450129166
725	0.030923625255145314
726	0.030786787741220158
727	0.030877011728945736
728	0.03087417289172603
729	0.030619080154691412
730	0.030683794476520518
731	0.03046492036306603
732	0.030275294755674097
733	0.03022790126114837
734	0.030063464033215772
735	0.030108211360433516
736	0.029958051106318072
737	0.029743765781691512
738	0.02969482915606871
739	0.029662713020531518
740	0.029562587039641694
741	0.02945293162034546
742	0.02937935646905232
743	0.029228357387026994
744	0.029272910646220885
745	0.029043242797432343
746	0.02900942526625748
747	0.028887703989924633
748	0.028796660877179157
749	0.02863176438088779
750	0.02861130004201188
751	0.0286756686916617
752	0.028393602149991298
753	0.028419025101287566
754	0.02831233303706279
755	0.028176960054687686
756	0.027933157578340837
757	0.028040183038228434
758	0.027906717504015063
759	0.027842608626011445
760	0.02773143112848462
761	0.027600509751793973
762	0.02758062022195718
763	0.027461075945299805
764	0.027463569542616178
765	0.02733076042761551
766	0.027263151417790545
767	0.027111232208853003
768	0.02703193091000671
769	0.026982909524472343
770	0.026794114720950037
771	0.02681060792963727
772	0.02661394172979453
773	0.026522691160962862
774	0.026495057283791045
775	0.026372419962655495
776	0.026360675464684256
777	0.026243501085882515
778	0.026156343878595858
779	0.02602934497445159
780	0.025954518179135036
781	0.02595260165842238
782	0.025735174867813217
783	0.025711451029982256
784	0.025609355428442938
785	0.02551130819422048
786	0.02543384100759741
787	0.02540615518166112
788	0.025364722054189527
789	0.025378118924895752
790	0.02525258209525226
791	0.02508054694938182
792	0.024914914929482092
793	0.024881052077587715
794	0.024917488126090154
795	0.024778982178349347
796	0.02448817305041697
797	0.024587404708324666
798	0.024413324083754243
799	0.02438638742635503
800	0.024291394373898004
801	0.024266751984437417
802	0.024195265843150307
803	0.024178689165940445
804	0.02400489336419896
805	0.024018735312698946
806	0.023798333431869007
807	0.023750369697672885
808	0.023794968742822976
809	0.023649403763612454
810	0.023573202246280074
811	0.023420575185160337
812	0.02336648751644627
813	0.023409309638268448
814	0.023228421394339494
815	0.023168061137028705
816	0.022925167721055337
817	0.022981365488671014
818	0.022958409845237067
819	0.022834347354776595
820	0.022803139351036394
821	0.022642889940452812
822	0.022588779802474302
823	0.022514649890615118
824	0.022538456070434844
825	0.022365364542693646
826	0.02231502616313795
827	0.02219119233162483
828	0.022293870651916937
829	0.02207066972138413
830	0.021957312326699965
831	0.02188667679074257
832	0.021794796236669203
833	0.021740037925074788
834	0.02159816138146529
835	0.02165137310645164
836	0.021599259782186707
837	0.021399249663115415
838	0.021418724511173756
839	0.02136126455485531
840	0.02126746909421244
841	0.021150962184947133
842	0.021209059515588644
843	0.02110541304847037
844	0.020916910806735935
845	0.020827995456784775
846	0.020875811808306034
847	0.020781083301949672
848	0.020753626741914312
849	0.020622756801895806
850	0.02051603827267157
851	0.020419908650168617
852	0.020367848966262616
853	0.020294303437032334
854	0.02027004516852084
855	0.020118821083519933
856	0.020181573556361236
857	0.020059015046559926
858	0.01999704922034024
859	0.02002179699463003
860	0.019745605693872778
861	0.019802135987676623
862	0.019728124038262126
863	0.019665300062236934
864	0.019604299776167258
865	0.0195131231876736
866	0.019537494969760524
867	0.019370591851667156
868	0.019313139822508343
869	0.01920700650345241
870	0.019187215053344038
871	0.019173799695783568
872	0.01901979917603536
873	0.01905094568003328
874	0.01893451554656649
875	0.01876434356139091
876	0.01878221364628151
877	0.01879178660654475
878	0.01865492590042223
879	0.018537802325708924
880	0.018553702614353736
881	0.018454471659048007
882	0.018368932185651596
883	0.01831911890646597
884	0.018251836283930352
885	0.018175083307077775
886	0.01814429685576206
887	0.017975860666424988
888	0.018013041907240557
889	0.017941681583962765
890	0.01788475441677478
891	0.01780474049335306
892	0.01761536067641913
893	0.0176975036290814
894	0.017675958304568307
895	0.017597211282989453
896	0.017552108110094684
897	0.01739012559242134
898	0.017335046466206417
899	0.017324468979757944
900	0.017254088387847644
901	0.017155660123017502
902	0.01716832513764796
903	0.01712450627415793
904	0.016914830891235556
905	0.016914294391892473
906	0.016837451284090817
907	0.016813314952047714
908	0.016592052771408336
909	0.016625682214265497
910	0.016703481923774684
911	0.016580771413112493
912	0.016497058931652413
913	0.016387836567689176
914	0.016394801973711456
915	0.016406335708372213
916	0.01628905299987567
917	0.01625082990819407
918	0.016161374998865226
919	0.01604699170464388
920	0.016036128071092857
921	0.015918922100095
922	0.01593355575844262
923	0.015814924544972648
924	0.015796941787364894
925	0.015775524574998884
926	0.01568877588230338
927	0.01563497277145427
928	0.015613132882277536
929	0.015501653672009723
930	0.01539758591782872
931	0.015338520661774577
932	0.015249242838556398
933	0.015188142011717684
934	0.015163211699292358
935	0.015204318048044917
936	0.015128781945004822
937	0.015053328798784486
938	0.0150176646331245
939	0.014894539948128494
940	0.014913710651638903
941	0.014790557534625916
942	0.014751414822384963
943	0.014604577021424816
944	0.014643089426118298
945	0.0146287542292474
946	0.014539172772870278
947	0.014462365538832421
948	0.014346164749658528
949	0.014328540424621918
950	0.014303241929568446
951	0.014271701086062585
952	0.014203446979879693
953	0.014153889131930377
954	0.014139713251298165
955	0.014071685997581178
956	0.013956631564067477
957	0.013950339648914574
958	0.01395700931237986
959	0.013755389349896986
960	0.013811737502514661
961	0.013683092326135097
962	0.013651973313362209
963	0.013648349301677918
964	0.013551277862409481
965	0.013397867701302473
966	0.01347046550092416
967	0.013432552236995986
968	0.013415291096835015
969	0.013290295780358154
970	0.01322803383700918
971	0.013251605951518674
972	0.01308475080411736
973	0.013064202328524139
974	0.013081092121386693
975	0.013056613872222294
976	0.01289783092357239
977	0.012912810383653947
978	0.012776939544900773
979	0.012754954438950155
980	0.012604781428501315
981	0.012638606099174516
982	0.012675927432838185
983	0.012612136713055928
984	0.012510512322115308
985	0.012452350799891326
986	0.01239817425871179
987	0.012374178985188606
988	0.012279733464556564
989	0.012275707545961237
990	0.012250921047238583
991	0.012203849607582173
992	0.012086931472155877
993	0.012136979266563716
994	0.01206707034402731
995	0.01200555348825243
996	0.011920235884542633
997	0.011981032799196736
998	0.011760576302545709
999	0.011807537842934845
1000	0.011713750741224717
1001	0.011754428605800235
1002	0.01168064111539923
1003	0.011651610362455204
1004	0.011485405230011373
1005	0.011461806617590022
1006	0.011475276659777447
1007	0.01142461990165051
1008	0.011441884839491314
1009	0.011295676012295298
1010	0.011227561656604195
1011	0.011212721226467421
1012	0.011183086828321486
1013	0.011111576347330928
1014	0.01110663281366191
1015	0.011080183239829799
1016	0.010984716038719975
1017	0.010954015186262298
1018	0.010800842951136917
1019	0.010908124212901873
1020	0.010840764676515326
1021	0.010738749092315812
1022	0.010732359387562238
1023	0.010802101038268024
1024	0.01065158714289818
1025	0.010615150818483734
1026	0.010612682310020818
1027	0.010560680102463532
1028	0.010421078073272387
1029	0.010436581402953145
1030	0.01033055744599928
1031	0.010282742030580353
1032	0.010333335835366884
1033	0.010246326787972198
1034	0.010255570584510692
1035	0.010132923051875348
1036	0.010012558859407874
1037	0.010022624012513446
1038	0.010069512148274168
1039	0.0099752317966832
1040	0.009983350418859107
1041	0.009883704115161696
1042	0.009831809389155437
1043	0.009807314208558017
1044	0.009779492304202102
1045	0.00974921632749431
1046	0.009657805339258314
1047	0.009680065985925407
1048	0.009611760843886763
1049	0.009555658826639685
1050	0.009537706682366226
1051	0.009524660422362344
1052	0.00942325550226759
1053	0.009422362306493615
1054	0.009327031260810621
1055	0.009322761785677995
1056	0.009297801431888915
1057	0.00925269666858676
1058	0.009203382855007379
1059	0.0091242015358753
1060	0.009125272851687835
1061	0.009079645741979192
1062	0.009005431499709806
1063	0.008959831370198032
1064	0.008962771986780652
1065	0.008994480547123302
1066	0.008844493693440286
1067	0.008871672933677455
1068	0.008881312872473592
1069	0.008788962853032075
1070	0.008745159652277653
1071	0.008710331438521719
1072	0.008659698698907928
1073	0.00858111749331241
1074	0.008575446281077558
1075	0.008560233324712656
1076	0.008543966026996207
1077	0.00844676305099036
1078	0.008452397415585936
1079	0.008386698264885332
1080	0.008408262289103527
1081	0.008355632645109686
1082	0.008263663613401844
1083	0.008196690652029562
1084	0.008240217783653829
1085	0.008169478380736487
1086	0.008120914220731969
1087	0.008132763786925826
1088	0.00805454390315229
1089	0.008042556386188936
1090	0.007985878983493917
1091	0.007962870217931052
1092	0.007932704159058385
1093	0.007862398805228378
1094	0.007809209191207291
1095	0.007789904535482495
1096	0.007783215987634501
1097	0.007644930101586849
1098	0.007689388303393108
1099	0.007691765686033343
1100	0.007718886495449576
1101	0.007602751572267551
1102	0.007567674375185571
1103	0.007461427120169277
1104	0.0075315008982676
1105	0.007443192467054288
1106	0.007433550481269356
1107	0.00742797029020223
1108	0.007289833251082731
1109	0.007240407263372922
1110	0.007205174126569645
1111	0.00721897823091995
1112	0.007134137045835176
1113	0.007145884188560048
1114	0.007133062729295445
1115	0.00716567323465434
1116	0.007086600337458156
1117	0.007088156773890724
1118	0.0070287231762386545
1119	0.007000365329998257
1120	0.006973181682497691
1121	0.006906152333900089
1122	0.006847476973363008
1123	0.006859811654545258
1124	0.006817853145617451
1125	0.006752280029373213
1126	0.006750744764028158
1127	0.006695641989649937
1128	0.006663304586150366
1129	0.006591206396183079
1130	0.0065256255088586125
1131	0.006584818590510989
1132	0.006608524737995966
1133	0.00651547091987788
1134	0.0064508451903189535
1135	0.006539647613733301
1136	0.00639513899925967
1137	0.006391952592267419
1138	0.006339569294990922
1139	0.006291990572779459
1140	0.006285251582450774
1141	0.006195819725318506
1142	0.00623489795322549
1143	0.006152220773259382
1144	0.006159228866883077
1145	0.0061031568936295
1146	0.0060442792504349875
1147	0.005987663026687121
1148	0.006084458425250041
1149	0.005954071465630092
1150	0.005968757198197334
1151	0.005941528170753652
1152	0.005869569625288004
1153	0.005902327405163349
1154	0.005835677610800597
1155	0.00579419560606321
1156	0.005809391117872628
1157	0.005762079014816214
1158	0.005721245852416749
1159	0.005655164309271923
1160	0.005613196340296499
1161	0.005685046858655367
1162	0.005639555269246498
1163	0.005566936319691681
1164	0.005533378346272548
1165	0.005490006146909885
1166	0.005477234216122388
1167	0.005411385686809988
1168	0.005439071374219981
1169	0.005370274573443848
1170	0.005357638481591868
1171	0.005338490450296777
1172	0.005286937499103132
1173	0.005290593209518259
1174	0.005255086960850596
1175	0.005204468465972997
1176	0.005183928920595036
1177	0.005136299616013645
1178	0.0051093801799773466
1179	0.005097648023904608
1180	0.005106622833746701
1181	0.004985253032193528
1182	0.005026871717066919
1183	0.005002733628438052
1184	0.004883929986672343
1185	0.004957809145636017
1186	0.004849896727442945
1187	0.0048391032401129234
1188	0.004872371478668521
1189	0.00474733511813929
1190	0.004748160280244416
1191	0.004762272213901965
1192	0.00471947019633211
1193	0.004664402555700815
1194	0.004625108094440849
1195	0.004639262513013336
1196	0.004520677362978606
1197	0.004572124630265853
1198	0.004511333703679557
1199	0.0044839577011554065
1200	0.004477139929488355
1201	0.004438042522038368
1202	0.004443328079133231
1203	0.004395442187222659
1204	0.004342433611719652
1205	0.004352648697898494
1206	0.0042823486028077725
1207	0.004337019768173275
1208	0.004276561169084077
1209	0.004239853536423295
1210	0.004202502749727976
1211	0.004191735792845916
1212	0.004164414791616394
1213	0.004090548843105954
1214	0.0041328996212922076
1215	0.0041043253752759265
1216	0.004033728675126085
1217	0.004064153143403635
1218	0.0040003777014777815
1219	0.00398965654255256
1220	0.004003946159145402
1221	0.003929810331654609
1222	0.003919899411401399
1223	0.003858230715893356
1224	0.003897856001273224
1225	0.003804743299872967
1226	0.003795931120502358
1227	0.0038143734020861693
1228	0.003711195436322055
1229	0.0037145420985015315
1230	0.003681571187462934
1231	0.0036957737003619697
1232	0.003664413324234253
1233	0.0036152272035809303
1234	0.003634012934620284
1235	0.003590827704250667
1236	0.0035721131282057993
1237	0.0035400098220234343
1238	0.0035199612803510916
1239	0.003525797958075576
1240	0.0034753995860353566
1241	0.0034536263640884473
1242	0.0034520989343461016
1243	0.003417818478327549
1244	0.0033955401426740695
1245	0.0033897602103652225
1246	0.003371690004668719
1247	0.0033865407744048588
1248	0.0033518398495821695
1249	0.0032996407852497146
1250	0.00328956577458384
1251	0.00322539233761345
1252	0.003175949830004435
1253	0.0032145224617975737
1254	0.0031798212299493193
1255	0.0031941681122380494
1256	0.0031681257376417016
1257	0.0030935187204895187
1258	0.003031211799497155
1259	0.003026045273953394
1260	0.0030155786839607067
1261	0.0030388124987332722
1262	0.003000454449453221
1263	0.0030125159400141567
1264	0.0029622272274887856
1265	0.0029579432698969236
1266	0.0028583493280809422
1267	0.0028216424179977563
1268	0.0028907690053603954
1269	0.002889490158516585
1270	0.0027898740158347024
1271	0.0028222934600016895
1272	0.0027994175335228303
1273	0.002794097738023457
1274	0.002758418336910581
1275	0.002696928361463084
1276	0.0027000172575162374
1277	0.002742452143854389
1278	0.0026633132751798906
1279	0.0026477973425666017
1280	0.0026502460496974963
1281	0.0026522479737630233
1282	0.0026005665928525356
1283	0.0025917476083129683
1284	0.0025443710145162924
1285	0.002566314260390396
1286	0.0025225563280858805
1287	0.0025596304683135895
1288	0.0025307331573330327
1289	0.002513917646119832
1290	0.0024447382007946154
1291	0.002441391367852112
1292	0.0023859630939943107
1293	0.002413995428313742
1294	0.002381387692662458
1295	0.0024166866299221625
1296	0.0023685981438748395
1297	0.002327954065654121
1298	0.0023329709342316965
1299	0.0022639273715749915
1300	0.002284557275357706
1301	0.0022918475953192085
1302	0.0022600100526929136
1303	0.0022479710294240817
1304	0.002232149684543521
1305	0.0022319433313608525
1306	0.0022145164113381737
1307	0.0021659151285616293
1308	0.0021316743686970174
1309	0.002146933232223241
1310	0.0021353931092136995
1311	0.0021060073472156495
1312	0.0020910071229726444
1313	0.002093144143149969
1314	0.002121627377258176
1315	0.0020447684997555336
1316	0.0020362144174181037
1317	0.001961970747649493
1318	0.0020174464655315296
1319	0.0019736265789659295
1320	0.001990795791938406
1321	0.001975351387482269
1322	0.002011196571376996
1323	0.0019514770885432826
1324	0.001927603456114085
1325	0.001868344678468202
1326	0.0019045358468018298
1327	0.001850926545228714
1328	0.001858929782851992
1329	0.0018280010550981805
1330	0.00183124891569906
1331	0.0018087152846331697
1332	0.0017832496381047689
1333	0.0017716427392445175
1334	0.0017720755291182006
1335	0.0017691441980242641
1336	0.0017516083082856427
1337	0.0017424529563377367
1338	0.0017147718659869123
1339	0.0017359330708623766
1340	0.0017242872404178119
1341	0.0016483272529714476
1342	0.0016638212297918576
1343	0.0016695067474280473
1344	0.0015852664145979878
1345	0.0016096355298785153
1346	0.001617093108845502
1347	0.0016141572269407854
1348	0.0016023010886240278
1349	0.001568169917181949
1350	0.0015760134452148188
1351	0.0015608708405082446
1352	0.0015406132825454388
1353	0.0015274844135104446
1354	0.0015308930819900284
1355	0.001520531338203876
1356	0.0015020432085596125
1357	0.0015197127832398025
1358	0.0014713115051095795
1359	0.0014077442269934562
1360	0.001445578175527299
1361	0.001420515335477951
1362	0.0014303846770567148
1363	0.0013771464660882894
1364	0.0013797353227588088
1365	0.0013837853819438253
1366	0.0013887726550376254
1367	0.0013689336878149791
1368	0.001355599267912797
1369	0.0013520247907365568
1370	0.0012926660582144997
1371	0.00133120402782932
1372	0.0013368063146385891
1373	0.0012857162458274076
1374	0.0012477657874046277
1375	0.0012852647919012292
1376	0.0012747602910001704
1377	0.0012564400960912824
1378	0.0012348550357237952
1379	0.0012452581007403912
1380	0.001235358165090804
1381	0.0012427520068546978
1382	0.0012006079329785683
1383	0.001210683144893273
1384	0.0011996195773074283
1385	0.0011815097753056357
1386	0.0011854076415945703
1387	0.0011474510695413398
1388	0.0011148157258166437
1389	0.001122337339872789
1390	0.0011574342557799631
1391	0.001075720175454293
1392	0.0011068593114270339
1393	0.0011108477432394456
1394	0.001121266341733177
1395	0.0010586149543040373
1396	0.0010806798417253391
1397	0.0010341566460748324
1398	0.0010245562021506563
1399	0.0010350442232354288
1400	0.001010298258360815
1401	0.0010349627835098416
1402	0.0010154929812346914
1403	0.0009903312935315926
1404	0.0009828596909541955
1405	0.0009424562173236756
1406	0.0009434146698326074
1407	0.000939669340714308
1408	0.0009511877486312911
1409	0.0009495088849264182
1410	0.0009083567997898069
1411	0.0009059395059482575
1412	0.0009205428541370659
1413	0.0008862231661505903
1414	0.0008701869460069036
1415	0.0008791648537802545
1416	0.0008960224300919354
1417	0.0009042433525661726
1418	0.0008351940829039152
1419	0.0008279766091090746
1420	0.000853006506929829
1421	0.0007912862823841091
1422	0.0008167220578785462
1423	0.0007792418358876238
1424	0.0007684423152552691
1425	0.0007562000977044116
1426	0.0007848605696325577
1427	0.0008042069095362054
1428	0.0007636067047253782
1429	0.0007254034527611431
1430	0.0007439929907758457
1431	0.0006828628122197213
1432	0.0006982810131545168
1433	0.0007080332128538389
1434	0.0006890885129099373
1435	0.0006690978168804007
1436	0.0006989486144319331
1437	0.0007158888904862309
1438	0.0006339966233611461
1439	0.0006752881675809273
1440	0.0006930862395027475
1441	0.0006202702176683081
1442	0.0006242055996915563
1443	0.000637363884839084
1444	0.0006489370426549076
1445	0.0005914073691870626
1446	0.0005809068950915248
1447	0.0005777759137261416
1448	0.0005784418110187297
1449	0.0005765535832228585
1450	0.0005663607990374464
1451	0.000569258807078898
1452	0.0005700392598171017
1453	0.0005743277355047979
1454	0.0005482656132171628
1455	0.0005318760551229465
1456	0.0005147965666224035
1457	0.0005340411765553331
1458	0.0005260810114773845
1459	0.0004924655347232633
1460	0.0005052972520072715
1461	0.0005038501361531223
1462	0.00046757255070063465
1463	0.00047810998744045487
1464	0.00047014114815788276
1465	0.00045729210934485114
1466	0.00044043476702200284
1467	0.0004305742805783994
1468	0.00042870642029194084
1469	0.0004812361708327403
1470	0.00043403505187474553
1471	0.00042693734158217824
1472	0.0004132423103518816
1473	0.00040241113974149196
1474	0.0004100980503008357
1475	0.00041219330285979685
1476	0.00038581529653345477
1477	0.00038703087208239226
1478	0.00039514505588118045
1479	0.0003733147049368271
1480	0.00037351215792740325
1481	0.00037209560746616463
1482	0.00038963575327415843
1483	0.00036454910084840654
1484	0.0003329607904202825
1485	0.00032883178957983253
1486	0.00035067127473225685
1487	0.00036901801107617983
1488	0.0003247724417285059
1489	0.0003297770208205636
1490	0.000330856825846192
1491	0.00030749643329330297
1492	0.00032051377592545683
1493	0.00029933382885866686
1494	0.0003286921334883236
1495	0.0003257113854384878
1496	0.00031266094208983483
1497	0.00030356637345082936
1498	0.00030471950955140997
1499	0.00028889160912337923
1500	0.0003046375216264463
1501	0.000282358338634934
1502	0.00028970788315194805
1503	0.0003128723039482885
1504	0.0002922074322611294
1505	0.00027443537355093786
1506	0.0002778130676680619
1507	0.0002513580550498165
1508	0.00029719210885633193
1509	0.0002660879820898668
1510	0.00027469232903479647
1511	0.00025873754265747775
1512	0.0002736141268404897
1513	0.0002566970320497116
1514	0.00026272369323517236
1515	0.00026935349578168774
1516	0.00022816628214685321
1517	0.0002422029816968015
1518	0.00021993830166105305
1519	0.00023275143391554963
1520	0.00022199745550411886
1521	0.0002421638666546798
1522	0.00020111688690288874
1523	0.00020366030479346327
1524	0.00022451119196221304
1525	0.00022735859134552378
1526	0.00020847446365947173
1527	0.0002063472581973137
1528	0.0002009914383044621
1529	0.00019872726339807353
1530	0.00019916792561429968
1531	0.00019770846999373842
1532	0.00016997143454923467
1533	0.0002064211076089538
1534	0.00017068619056756504
1535	0.00016612812373138043
1536	0.00015175268042231588
1537	0.00016351895644460993
1538	0.00017749946092246953
1539	0.0001451449202713989
1540	0.00016600919325481572
1541	0.00017034077699182494
1542	0.00017502303480583116
1543	0.00015915544274524326
1544	0.00014970827512674866
1545	0.00016022904217490952
1546	0.0001706846095379848
1547	0.00015299389199120264
1548	0.00016084272437288819
1549	0.00015612705276582027
1550	0.00016135181740046956
1551	0.0001354096580918435
1552	0.00018512800087247945
1553	0.00015437771405031579
1554	0.00015087696408777146
1555	0.00014215372832761754
1556	0.000145120398081589
1557	0.00011942236537894997
1558	0.00013804806184429912
1559	0.0001575041244410543
1560	0.00013833536520327288
1561	0.00013661697934438979
1562	0.00013923967037270734
1563	0.00014484649613647504
1564	0.00010913057966134058
1565	0.00013288169533785373
1566	0.00012662844275223206
1567	0.00013950488185774388
1568	0.00013752502705206786
1569	0.0001431530699806248
1570	0.00011460046436308221
1571	0.00011715869684435153
1572	0.00011350873227779696
1573	0.00011939805799804175
1574	0.00012318413846202465
1575	0.00012927265394191716
1576	0.0001070595143732187
1577	0.00010184229132431437
1578	0.00010734308611629986
1579	0.00010311306678625526
1580	0.00010348541917311805
1581	0.0001152100310982054
1582	9.24277619102228e-05
1583	0.00012233948550676254
1584	0.00010238718980110798
1585	9.724819896376295e-05
1586	0.00010336619880319142
1587	9.822227243610901e-05
1588	8.442407289522895e-05
1589	0.0001029787502851064
1590	9.788921762220492e-05
1591	0.00012775105425772695
1592	9.664537240638227e-05
1593	9.951669742300455e-05
1594	7.349176829881376e-05
1595	7.994456245608563e-05
1596	6.38217884062151e-05
1597	9.482336184725089e-05
1598	8.943390675938785e-05
1599	8.340357291949653e-05
1600	6.935164506954253e-05
1601	6.868782020766635e-05
1602	8.483903168528758e-05
1603	6.672166094788272e-05
1604	7.860480365778813e-05
1605	8.428994322997663e-05
1606	4.3632735206081675e-05
1607	5.666858234463099e-05
1608	5.949140399123127e-05
1609	6.269187568839056e-05
1610	6.14490908927926e-05
1611	6.152239997827252e-05
1612	5.9879926812803153e-05
1613	4.978206850188146e-05
1614	5.990338813939694e-05
1615	5.788899831764164e-05
1616	6.112357289918067e-05
1617	5.328729812384055e-05
1618	5.2389043609863024e-05
1619	3.857559950260325e-05
1620	4.338247834534975e-05
1621	4.985631513645854e-05
1622	4.411579657799321e-05
1623	3.543248585872752e-05
1624	4.531550981789997e-05
1625	4.6875860195415305e-05
1626	5.5410288806479674e-05
1627	4.7574490992088636e-05
1628	3.125736554726601e-05
1629	4.980875646057492e-05
1630	4.123604272299212e-05
1631	4.360480116816679e-05
1632	3.952803077928226e-05
1633	4.589208322091485e-05
1634	2.980155768320049e-05
1635	4.642312478375039e-05
1636	2.016588066569918e-05
1637	1.957698601783493e-05
1638	3.154178324471363e-05
1639	1.4194464158977999e-05
1640	2.1769683829490237e-05
1641	4.078491922523798e-05
1642	2.426723576418182e-05
1643	2.465801486167722e-05
1644	1.6685205784204673e-05
1645	3.0343401908324754e-05
1646	2.555677254472435e-05
1647	3.424236482009856e-05
1648	3.181898532791232e-05
1649	2.308580223162755e-05
1650	2.7558331802314898e-05
1651	1.896813353566009e-05
1652	1.5337423312883436e-05
1653	9.512937595129375e-06
1654	2.352941176470588e-05
1655	2.3369036027263874e-05
1656	9.777082518576458e-06
1657	1.576976148235758e-05
1658	2.0100502512562815e-05
1659	2.0370747606437157e-06
1660	9.846396218983853e-06
1661	8.131734092295182e-06
1662	1.590141125024846e-05
1663	1.2406947890818859e-05
1664	1.2746972594008922e-05
1665	1.4175779667881733e-05
1666	4.359197907585005e-06
1667	1.0895619960775767e-05
1668	8.768084173608067e-06
1669	6.659267480577136e-06
1670	1.4922191430398635e-05
1671	1.590186278964107e-05
1672	8.869179600886918e-06
1673	6.89496667432774e-06
1674	2.23463687150838e-06
1675	1.1118523460084502e-05
1676	6.880733944954129e-06
1677	4.512635379061372e-06
1678	9.57625089777352e-06
1679	4.449388209121246e-06
1681	2.4055809477988934e-06
1682	2.275830678197542e-06
1683	2.470966147763776e-06
1684	2.3201856148491877e-06
1685	4.966476285075739e-06
1686	2.5647601949217745e-06
1688	5.155968032998196e-06
1689	4.844961240310078e-06
1690	2.5510204081632657e-06
1691	2.5839793281653744e-06
1693	2.7374760470845878e-06
1694	2.486325211337643e-06
1695	2.6246719160104988e-06
1696	2.605523710265763e-06
1697	5.1759834368530025e-06
1702	2.7901785714285714e-06
1704	2.8352707683583784e-06
1705	2.946375957572186e-06
