1	0.943589010447865
2	0.8015503182389249
3	0.7233463901884164
4	0.659942792162946
5	0.6082392698543366
6	0.5714811875047822
7	0.5383999338570146
8	0.5119399045510925
9	0.4852105222351115
10	0.46076301488629196
11	0.44113184779351544
12	0.4243024296689702
13	0.4075851224656243
14	0.391583372921848
15	0.37798543815539726
16	0.3639311411669096
17	0.35024470981133693
18	0.33854337519134625
19	0.32765301572003036
20	0.3181073790410738
21	0.3083471007443768
22	0.298269329979756
23	0.2893441278101818
24	0.28114441283266
25	0.27226298408704347
26	0.2647004363547155
27	0.2573258604350754
28	0.25054659020086495
29	0.24337209369023013
30	0.2366936117402973
31	0.2303590401918076
32	0.22452828509043612
33	0.21913117450849273
34	0.213619718990379
35	0.2081242189770513
36	0.20284904287638333
37	0.19769027602073092
38	0.1930176857654484
39	0.1882667390963938
40	0.18383282632427708
41	0.17935212883683258
42	0.17538691706985454
43	0.17119637707678417
44	0.1668426190449226
45	0.16285253549530118
46	0.15890565224156733
47	0.15567537111590612
48	0.1517193437083071
49	0.1480589355986996
50	0.1447677768295911
51	0.14155644307187384
52	0.13852594733579776
53	0.13510908496762067
54	0.1322067194535515
55	0.12948706265182935
56	0.1266410880682178
57	0.12375841159353834
58	0.12080639086108888
59	0.11835002033858859
60	0.11569012675072217
61	0.1129943872979579
62	0.11075430214908748
63	0.1079190725567204
64	0.10579627884384248
65	0.10319678200904464
66	0.10092329122023562
67	0.09886249864883782
68	0.09652782656801147
69	0.09456941646408724
70	0.0924760574326941
71	0.09047526861529473
72	0.08878757890247836
73	0.08637794363920485
74	0.08473699805785692
75	0.0827718411771913
76	0.08101346456241067
77	0.07916137127120894
78	0.07738995927180542
79	0.07582390953453023
80	0.07406749356517472
81	0.0723912430858877
82	0.07091456527524023
83	0.06935265021468716
84	0.0678731338903652
85	0.0662776275205658
86	0.06483597730408562
87	0.06342971884562645
88	0.06217899986283908
89	0.06074661908091105
90	0.05937518082861372
91	0.05820811971704662
92	0.056873049693155125
93	0.05588647877265553
94	0.05460333232084712
95	0.05335940252919511
96	0.052285266218210266
97	0.051228499627165976
98	0.050204154430448115
99	0.048899699326283935
100	0.04795097203589709
101	0.04700096364085213
102	0.0461319984315503
103	0.04512429663472563
104	0.04411900276346834
105	0.043258502243183165
106	0.04228321715630088
107	0.041465314285244484
108	0.040549191570775286
109	0.03970633321709705
110	0.039051191656439485
111	0.03819883152730584
112	0.03739755561417837
113	0.03656727932044899
114	0.03597707611452767
115	0.03510349979978255
116	0.03442415943019188
117	0.03378852063085617
118	0.0329556683292209
119	0.03229499200169223
120	0.03182006403825051
121	0.031045526382992666
122	0.030454988847581483
123	0.029854145638653403
124	0.029223394808795253
125	0.028654809817406604
126	0.028051727488758872
127	0.02757492681788811
128	0.026906183226988862
129	0.026357294440843903
130	0.025835231943692187
131	0.0252612903134124
132	0.024749045821375434
133	0.024310705419232425
134	0.023698736878160417
135	0.023276137268869332
136	0.0228017448699517
137	0.022344156819198126
138	0.02188563935746742
139	0.021433969539177502
140	0.020950038389733392
141	0.02054445993378416
142	0.020149847108868302
143	0.01966018710960727
144	0.019316673316761745
145	0.01895005697057876
146	0.01858200794797119
147	0.01815272726743879
148	0.017776346115068474
149	0.01745592022184562
150	0.017057774383738317
151	0.016732855942409926
152	0.016386990045611376
153	0.016040320704063957
154	0.015685380663798085
155	0.015393508125233017
156	0.015073570559310606
157	0.014758226068405947
158	0.014485505218271457
159	0.014223671066809173
160	0.013956557864054118
161	0.013662475640603989
162	0.013351486892198268
163	0.013038976974203791
164	0.012775131196330228
165	0.012572475225859192
166	0.01229429682667215
167	0.012075524959414769
168	0.011796529301467894
169	0.011572771802143748
170	0.011392450057300368
171	0.011177590261070234
172	0.010889575760618782
173	0.01072829693761461
174	0.010495431811135398
175	0.010331548078340028
176	0.010068212341566157
177	0.009835489505365667
178	0.009596425570669745
179	0.009444033765662144
180	0.009322403357220609
181	0.009069548331157142
182	0.008914154838542411
183	0.008682434668655438
184	0.008609992607362527
185	0.008413580074956762
186	0.008293038036674477
187	0.008108295088435021
188	0.007997376432454349
189	0.007815844836922443
190	0.007629896225256931
191	0.007427364026186787
192	0.007305667629379018
193	0.007197561689839849
194	0.007097361836573382
195	0.006824158571352579
196	0.006734451688477463
197	0.00656645689663376
198	0.006509055011003551
199	0.006319841424910678
200	0.006148605735426676
201	0.006163139922412618
202	0.006001953604641338
203	0.005895106271671232
204	0.0057510810560619146
205	0.005671583279147107
206	0.005511276207658724
207	0.005423288743577853
208	0.005305300933890663
209	0.005203595189560178
210	0.00509408068799475
211	0.004985014073803321
212	0.004933720235913623
213	0.004802552595783558
214	0.004697536306100493
215	0.004635813705395042
216	0.004485435321374665
217	0.004371894199765593
218	0.004282240067532032
219	0.004288860267685424
220	0.004110899992515393
221	0.004081988762654377
222	0.003982358930676013
223	0.003847592012898054
224	0.003791939027343252
225	0.0036944494956437303
226	0.003624398998338344
227	0.003505585290609331
228	0.0034453438026632466
229	0.0033395467810882528
230	0.0032398064992080556
231	0.003218584355937977
232	0.0031073327409542133
233	0.003020603594366879
234	0.0029512949798618706
235	0.0029252712112571733
236	0.002773882537252932
237	0.002701841869246762
238	0.0026717151286932243
239	0.0025855127609494435
240	0.002526020941140376
241	0.0024255635999404783
242	0.0023285346392415934
243	0.002322820061830011
244	0.0022894414686662084
245	0.00220369291680997
246	0.002142936259629417
247	0.0020813916408252676
248	0.002045190561302141
249	0.001920879446230446
250	0.0019207695833984198
251	0.0019059533528349869
252	0.0017919201184972476
253	0.001806794274681706
254	0.0017304952704640395
255	0.0017821800617530805
256	0.0016746334158036253
257	0.0016818312445779238
258	0.001611802906038197
259	0.0015868094655239401
260	0.0015950477437760475
261	0.0015110030641700015
262	0.0014657080155966588
263	0.0014212911189079103
264	0.0014181335540262568
265	0.001359416646774374
266	0.001344382899323625
267	0.0013134611115131326
268	0.001234234143312032
269	0.001260058328940783
270	0.00121015664330012
271	0.0011742740944275976
272	0.001117969304171965
273	0.0010985353931191933
274	0.0011814779195690886
275	0.0010719540265796263
276	0.0009731229149312102
277	0.0009878247259395136
278	0.0010101858661859529
279	0.0009004711537465197
280	0.0008857985357751776
281	0.000912413704870738
282	0.0008265319566342268
283	0.0008091467397264698
284	0.0007695221951023444
285	0.0007713390677053661
286	0.0007934887890536612
287	0.0007508584656356835
288	0.0007053953662609773
289	0.0007500714149707375
290	0.0006417422949992455
291	0.0006636588067520046
292	0.0006743983728237974
293	0.0006748483823589343
294	0.0006498787620717453
295	0.0005733198259828476
296	0.0006482892204069586
297	0.000549907103696061
298	0.0006063241056773065
299	0.000531722249373986
300	0.0004897361389585299
301	0.000463416500477726
302	0.000495258048170651
303	0.0004989319366785203
304	0.0004906945270637715
305	0.0004383950592271432
306	0.0004575675861597121
307	0.00041126552713299276
308	0.000416452342399012
309	0.00036119967011842693
310	0.0003508574755303397
311	0.0003312649734974372
312	0.0003981032561273363
313	0.0003506101100632551
314	0.00031321770556760875
315	0.0002552239837927898
316	0.00034698053528756545
317	0.00023525847440622583
318	0.00042757475650960047
319	0.00029509121128742076
320	0.00024427505495285196
321	0.0002914337260940279
322	0.000327104514867125
323	0.00017365881769569936
324	0.00025669652602538156
325	0.00020485678704856784
326	0.00017064134495641344
327	0.00022230443482712083
328	0.00018974208132965684
329	0.0002319607808969511
330	0.000266939948146591
331	0.0001344947735191638
332	0.00017234848484848486
333	0.00014705882352941178
334	0.00017063492063492064
335	9.696969696969698e-05
336	5.263157894736842e-05
337	0.00022285714285714286
338	5.555555555555555e-05
339	5.882352941176471e-05
340	5.263157894736842e-05
341	0.00016783216783216784
342	0.0001
343	0.0001111111111111111
