1	0.9515519955513031
2	0.8359393746154375
3	0.7752149933317611
4	0.7316660788059072
5	0.6920840988488217
6	0.669679357817309
7	0.6457860082341601
8	0.6310412277743938
9	0.6142273666743737
10	0.5981013346481974
11	0.5881298683423929
12	0.5776265764924429
13	0.5654369578111509
14	0.5558180743005104
15	0.548082636431503
16	0.5420672347661161
17	0.5331326085676192
18	0.5248288015877924
19	0.5215466771105931
20	0.51487020248036
21	0.5098500484208294
22	0.5044392383732308
23	0.49968704579419293
24	0.4940765030335003
25	0.48997155625315514
26	0.4838382530941318
27	0.4800623052052578
28	0.47634785556190967
29	0.4728437706565506
30	0.46850860500139
31	0.46573792234673644
32	0.46129938390947595
33	0.45738255410899925
34	0.45482481106831507
35	0.45182722382191115
36	0.4485039287164023
37	0.4458096096271183
38	0.442944537257629
39	0.44076864163451374
40	0.4374840587444105
41	0.43446023366541653
42	0.4323433420026695
43	0.4301358767750117
44	0.4272389947255717
45	0.42559383551231833
46	0.42375318407614443
47	0.420924946993912
48	0.4180262114208238
49	0.4162887584203847
50	0.41352033407274946
51	0.4119843657816674
52	0.41026251336073466
53	0.4083116573523236
54	0.4066717369286162
55	0.4047658622012937
56	0.40308485526770527
57	0.401403700489116
58	0.3999174178800613
59	0.3979389023764399
60	0.3959160858475371
61	0.394496833105655
62	0.3929148222494082
63	0.3902788652957428
64	0.3900156888149107
65	0.3876773410580705
66	0.3862245458482728
67	0.38526370820498024
68	0.38461812750007485
69	0.38217978826666577
70	0.3801538496419503
71	0.3789293721657671
72	0.37763352885735274
73	0.3760499133015945
74	0.3751615065416025
75	0.3734852144380711
76	0.3724280575082532
77	0.3710056577399348
78	0.37023324914838474
79	0.36787344166062347
80	0.36660119158110194
81	0.3664387888391723
82	0.36520621848623214
83	0.36421451591019893
84	0.3618979907892836
85	0.3614637312124106
86	0.3604995845311867
87	0.3592389514892443
88	0.3586668918184421
89	0.35685245732398996
90	0.3553364203188252
91	0.354961944715398
92	0.35373631780825193
93	0.35238835830599124
94	0.35175390397454925
95	0.35177423193917456
96	0.3492460335544731
97	0.3486332593922449
98	0.3475161284206995
99	0.3468347273601316
100	0.3458147093727553
101	0.34473432844113616
102	0.3438389053815232
103	0.34265052609428087
104	0.3416253973122534
105	0.3406105368738047
106	0.34004497629773744
107	0.3387924043077957
108	0.3375256547927566
109	0.3370763772047268
110	0.3363375968609544
111	0.3359019870453172
112	0.3341976608509177
113	0.3340153685553128
114	0.3328819134361627
115	0.3326066742049646
116	0.3312549109777136
117	0.3300172333018274
118	0.32981959452209636
119	0.3283755390348776
120	0.3281257517563436
121	0.3267845158693914
122	0.32641510120694817
123	0.3251750283838471
124	0.3245167111939879
125	0.3247172638580744
126	0.3233936797605338
127	0.3227022137802305
128	0.32159067705043465
129	0.3214287742215483
130	0.3203573859166881
131	0.3194736374513227
132	0.3188633255623153
133	0.31849285190338056
134	0.31738330739534887
135	0.31670346439683544
136	0.31549818827200105
137	0.3154053415169564
138	0.31453183103714116
139	0.31423776093802347
140	0.31332835650185564
141	0.31271426157584425
142	0.3115089413127113
143	0.3114129531494238
144	0.3103499805849338
145	0.30958963297452663
146	0.30978594834099576
147	0.3084774406428157
148	0.3079426679158698
149	0.30710430234624314
150	0.3067862355423986
151	0.3059971219167035
152	0.3052987957771886
153	0.3041984332288789
154	0.304532043986301
155	0.30372085043633534
156	0.30237398936944554
157	0.30260906453252145
158	0.3017888540452723
159	0.30115657976248955
160	0.2999902080127359
161	0.300317038509962
162	0.29899564371668885
163	0.2985722720502567
164	0.2975233731986545
165	0.29736908610460633
166	0.29737629285539124
167	0.2966055059604839
168	0.29574679637971085
169	0.2950346603427089
170	0.29428926229877655
171	0.29395854049738457
172	0.2930511465066525
173	0.2927306420414144
174	0.29214902593865677
175	0.2920709077847349
176	0.29124300914603485
177	0.29017530317913104
178	0.2904527272727526
179	0.2891558074098385
180	0.2889767811819052
181	0.2887096989091563
182	0.2879716857380692
183	0.28710562007719714
184	0.2863039207390656
185	0.28602903862863954
186	0.28541720934051074
187	0.28506789623958967
188	0.28443953744248335
189	0.28426116554007147
190	0.28343671299208767
191	0.2831497640346797
192	0.28296937926626614
193	0.2821561318265178
194	0.28154300137189375
195	0.2808563286518595
196	0.28046956006792667
197	0.2805706657101333
198	0.2791141716218883
199	0.27915244257802013
200	0.2785237317879661
201	0.27833814583438293
202	0.2776434806205227
203	0.27739200649518364
204	0.276519495966344
205	0.2756349806941307
206	0.2759036067572638
207	0.27507824995499475
208	0.27478354846776676
209	0.274505489806477
210	0.2735712471504596
211	0.2733993462689876
212	0.2731436858980781
213	0.2720053044528301
214	0.271969887405927
215	0.2715264725127642
216	0.27121465814021783
217	0.27042964629944033
218	0.2701644956595478
219	0.26959804905547224
220	0.2689330262343701
221	0.26879616837730763
222	0.2688313188168415
223	0.26778852840935224
224	0.26759785061233893
225	0.2669806928747819
226	0.2663733688552571
227	0.26573617269963
228	0.26578566261418307
229	0.26541658947159624
230	0.2649096811840093
231	0.2645504793849688
232	0.2641008590208486
233	0.26351998860442355
234	0.2632771894134702
235	0.26239433954290076
236	0.2623514735629859
237	0.2620915189959272
238	0.2614395134470344
239	0.2612412767124454
240	0.2603695207188214
241	0.2602796024987019
242	0.25995076926858274
243	0.25956873528970215
244	0.2588578644259705
245	0.25873555400454906
246	0.2578357356359036
247	0.25772431212959246
248	0.25744225739385784
249	0.25720010042098385
250	0.25650724462436925
251	0.2559668375478632
252	0.25576853622453516
253	0.2550777965455936
254	0.25497235417948194
255	0.2549639196878705
256	0.2541385661190614
257	0.2540402111538812
258	0.25335349260495466
259	0.2531218444001949
260	0.25288821997310307
261	0.25222764483459426
262	0.2521477434113049
263	0.2516978266863612
264	0.2514662319391851
265	0.2504845139837089
266	0.2502699456019727
267	0.2494738488881643
268	0.24926719991400031
269	0.24892544864580324
270	0.24888842865698085
271	0.2482722690152759
272	0.24824568791199694
273	0.24756922235480594
274	0.24769375804891208
275	0.2475328886851247
276	0.24639772692496678
277	0.24619346627369626
278	0.24576634807617803
279	0.24542550987651854
280	0.24545830237913066
281	0.24484927570276713
282	0.2443940775907468
283	0.24446389334633775
284	0.24349284292948734
285	0.24327008421386265
286	0.24292533547917855
287	0.24285728260166572
288	0.24219226808514133
289	0.24199478420736395
290	0.24184872683993663
291	0.24122966434569107
292	0.24107503154243243
293	0.24073027045867032
294	0.24028943449754375
295	0.2400307806079481
296	0.23916018192593408
297	0.23962177750843805
298	0.23882668008900476
299	0.23845192582074845
300	0.23814488048217
301	0.23800822277315511
302	0.2370772509227626
303	0.23696518371420439
304	0.23658809360399882
305	0.23652858603734056
306	0.23619598973801625
307	0.23535568823259612
308	0.23542838281764777
309	0.23501231183046645
310	0.23488963020456427
311	0.23440514286566846
312	0.23412146656596142
313	0.23363966722640442
314	0.23359483194559388
315	0.2332378215458882
316	0.2328392322556325
317	0.23257779896422762
318	0.23213481701801272
319	0.2315836472018246
320	0.23166658020400632
321	0.23086960343835877
322	0.23078950090322412
323	0.23039802916838414
324	0.23015168032163522
325	0.23002086745539593
326	0.22957878098164763
327	0.22917581819292007
328	0.22874018012118189
329	0.2283110620245427
330	0.22818704867565462
331	0.22787415563389898
332	0.22765089371788935
333	0.22723225992107615
334	0.2269856174533957
335	0.22682994026541806
336	0.22647452597709625
337	0.22631647701863716
338	0.22585382898309292
339	0.22567630648185008
340	0.2250956845254977
341	0.22526656318869415
342	0.2244670969915703
343	0.22431618492923305
344	0.22398118257776353
345	0.22353748303347767
346	0.2233724259277322
347	0.22302803680599784
348	0.22261246269727894
349	0.22261677784621692
350	0.22196315048385112
351	0.2218252328043213
352	0.22129366752934793
353	0.22091567206305812
354	0.22130332577365575
355	0.22031791479643403
356	0.2203854525131436
357	0.2202612307991875
358	0.21977166698008965
359	0.2197206328573039
360	0.2192774485278125
361	0.21885775001770366
362	0.21868052169118113
363	0.21882940664594916
364	0.21790183720645373
365	0.21757088516658446
366	0.21726892510419474
367	0.2172148858586237
368	0.21679672655425428
369	0.2167738764750168
370	0.2164841776012242
371	0.21621227886033914
372	0.21572815975606613
373	0.2159283283083498
374	0.215226955391762
375	0.21494387449150593
376	0.21459230738518298
377	0.21432329912974132
378	0.21431399975200666
379	0.21372384037187167
380	0.21333758992591034
381	0.2136522282812202
382	0.21336071910215426
383	0.21274947760601887
384	0.21258048924060324
385	0.21235160432225053
386	0.21205121595985832
387	0.2118498709605756
388	0.21150283006857498
389	0.21096232579114663
390	0.21076448391912475
391	0.21016403591003677
392	0.21050825612565166
393	0.20995339442206698
394	0.20971502572747222
395	0.20950568475268516
396	0.20926353391480673
397	0.2090045180756347
398	0.20844269341673086
399	0.20854908216365065
400	0.20809460540559233
401	0.20796493716831932
402	0.20792609767744616
403	0.20736690941593752
404	0.20697942830305435
405	0.20657834811308715
406	0.20634557017060334
407	0.2064768092770588
408	0.20602328160702968
409	0.2058904918892776
410	0.2056331388947137
411	0.20531231840274677
412	0.2051876604867336
413	0.2045875274762726
414	0.20469537255820294
415	0.20441518688870466
416	0.20376151117819344
417	0.20395715678570953
418	0.2032786727700059
419	0.20346307195039018
420	0.20294603063436598
421	0.20284933734529065
422	0.2026204536120199
423	0.20192649720576866
424	0.20208790078623068
425	0.2016900324306863
426	0.20150644653330813
427	0.201407007265576
428	0.20082960355069052
429	0.20098119300076053
430	0.20070359254640469
431	0.2001032971235209
432	0.1999621929688358
433	0.1998507070038833
434	0.1995154554596477
435	0.1990535541913658
436	0.19909010961680285
437	0.19873338552991662
438	0.19853808809863718
439	0.19818419625089284
440	0.19801869228362745
441	0.19780321917198512
442	0.19779260549176947
443	0.19729551337916315
444	0.19702033307521233
445	0.19685435893729483
446	0.19658988826622445
447	0.19655431728678277
448	0.19598961768395082
449	0.1959540146732064
450	0.1956622495378453
451	0.1956851215585801
452	0.1950630689489263
453	0.19485942186962604
454	0.1946942418485542
455	0.19448464933643983
456	0.1939911376876038
457	0.19419239108264771
458	0.19365483905654837
459	0.1934365470903956
460	0.1937746084592691
461	0.1927761145442647
462	0.19284273591214687
463	0.19253953699750626
464	0.19246347262386831
465	0.19204883261242522
466	0.1916595822693629
467	0.19169747216949207
468	0.19141982548557165
469	0.1908435761917603
470	0.19113525725401426
471	0.19063217016898062
472	0.19053576777884168
473	0.18997978483921046
474	0.19002842587222582
475	0.18991988464021137
476	0.18957128675089585
477	0.1895480615025185
478	0.18929115636467816
479	0.18898934112399193
480	0.1888749551016055
481	0.18840791042259677
482	0.18844410880954435
483	0.18809628575429613
484	0.18822132819533968
485	0.18756997969856687
486	0.18733569578144413
487	0.18718713792078073
488	0.18680901673204978
489	0.18656662062681018
490	0.18655463640074174
491	0.1864085144444426
492	0.18638917403991254
493	0.1858322241746238
494	0.18584110346026034
495	0.18549387409362889
496	0.18542445021896356
497	0.1851488629203929
498	0.18502627350902126
499	0.18467437816225835
500	0.18449850484032482
501	0.18436414408101257
502	0.18405713091937925
503	0.18368991820789402
504	0.18375173186895338
505	0.1832340321266177
506	0.1830445691478053
507	0.18305491115080488
508	0.18251492158612515
509	0.18243895959268877
510	0.18210031049782638
511	0.18234065619283651
512	0.1817647174499396
513	0.18177924121144592
514	0.18140875413336988
515	0.18115880191551614
516	0.18103754657713803
517	0.1806099948733626
518	0.1806262102664339
519	0.18032722462765105
520	0.18020855251844992
521	0.18006291719841236
522	0.17967140355306846
523	0.17971796896670955
524	0.17973615710329288
525	0.1792445301019792
526	0.1788446058910189
527	0.1787636414614795
528	0.17862219360787332
529	0.17837149788340717
530	0.17833749206730407
531	0.17815994895585824
532	0.17786522912114586
533	0.17784141821843819
534	0.1776198204869642
535	0.17730451708533812
536	0.17693666972746006
537	0.17707545516642373
538	0.1765665934528361
539	0.1762940999615817
540	0.17617887093052675
541	0.17589257597016505
542	0.17571079512262633
543	0.17549411560605516
544	0.17522440079102897
545	0.17525473039604067
546	0.17536816658887996
547	0.17508540637199554
548	0.17458955259134223
549	0.1746633052239782
550	0.1740536857831385
551	0.17430052296507334
552	0.1737343308563048
553	0.17386758378426556
554	0.17355022367612227
555	0.17344869673709679
556	0.17324092436111246
557	0.17288303003429262
558	0.17263033506060604
559	0.17272072465224397
560	0.17236332446603203
561	0.17209269499032456
562	0.17205114940239563
563	0.17173508172044186
564	0.1716978664817478
565	0.17154644702239408
566	0.17141842123920184
567	0.17095635583651894
568	0.17086447671512242
569	0.1706961751844588
570	0.17041107594120333
571	0.170243456294132
572	0.1702947602896752
573	0.17004161314767033
574	0.16975059062075498
575	0.1697325674160375
576	0.1695226246507165
577	0.16915515992338648
578	0.16889636668143154
579	0.16879648506261116
580	0.1687308111315083
581	0.16872444532925213
582	0.16849198917977315
583	0.16803868329925048
584	0.16801359125531767
585	0.1677213369745396
586	0.16785384206883688
587	0.1672150528955846
588	0.16735153762702232
589	0.16743659786768275
590	0.16684906432068344
591	0.16668150910744586
592	0.16675188150706044
593	0.1663557078111759
594	0.1662135139444705
595	0.16613080328442195
596	0.16577025098198686
597	0.16583244077440767
598	0.1660009615132694
599	0.1654936870854409
600	0.16518658561680538
601	0.1650298771641916
602	0.16488195780599493
603	0.16471759474115655
604	0.16464611624516418
605	0.16439011400029335
606	0.16401980604660055
607	0.1641676438309472
608	0.16395863042829892
609	0.16356126879633756
610	0.16382959929659952
611	0.16326456023656827
612	0.16319029638229055
613	0.162924766577906
614	0.16303461070538736
615	0.16267392007647924
616	0.1623684584316483
617	0.162292962595529
618	0.16212560085869213
619	0.16222991315900256
620	0.1619060058879761
621	0.16157035610748088
622	0.1616036949249388
623	0.16172653481838709
624	0.1610564697764465
625	0.16098394578743208
626	0.1609962651001188
627	0.16081172337699698
628	0.16068707329583873
629	0.16044917694238386
630	0.16007869277172537
631	0.16012707495564726
632	0.15974643426491292
633	0.15946385443302488
634	0.159626554337309
635	0.1594083445218571
636	0.15940082094216473
637	0.15923989118331702
638	0.1591117504835581
639	0.15881484808225996
640	0.1585512042244862
641	0.15834540327076524
642	0.15802914275275262
643	0.1581261987225723
644	0.1579262246835818
645	0.15783224800647486
646	0.15782819795683753
647	0.15754846694137845
648	0.15694001961881027
649	0.15716872851618752
650	0.15674255132647533
651	0.15675539598426474
652	0.1565466576331378
653	0.15658605330131473
654	0.15632155880399246
655	0.15611988039398997
656	0.15596979886902776
657	0.15579757279993514
658	0.15572122236272673
659	0.15548849367455314
660	0.15553395553973748
661	0.15502659143066255
662	0.15487861529623395
663	0.15512941678357667
664	0.1546219746747981
665	0.15457381083336988
666	0.15475155087204556
667	0.15434274767392495
668	0.154222135620393
669	0.15374835134407733
670	0.15384419883522646
671	0.1533977439395496
672	0.15351505320695746
673	0.15351293962981516
674	0.15309219352882
675	0.15304439881727455
676	0.15291217857476763
677	0.15259847074276825
678	0.1524237165718834
679	0.1523614229514546
680	0.15246079611844612
681	0.15202512124180015
682	0.15189925490778722
683	0.15170191249513387
684	0.1515555283132202
685	0.15140587044246054
686	0.15138821437147754
687	0.15096736865822014
688	0.15084258548049928
689	0.15076949018165212
690	0.15053783265182907
691	0.15069838717802858
692	0.15034588187147999
693	0.1502159476846844
694	0.15010781396071665
695	0.15022096302325758
696	0.14984112663416757
697	0.14955584693719004
698	0.1496173906100594
699	0.14941723292817552
700	0.14938029331817523
701	0.14900122267021496
702	0.14905250626251265
703	0.14862865059061328
704	0.14866040817973628
705	0.14850899455818994
706	0.14842455536178267
707	0.14804731484638556
708	0.14801950770367195
709	0.14770668955147817
710	0.14767642825560615
711	0.14763821316032566
712	0.14741962010849266
713	0.14727260715787993
714	0.14731970976563763
715	0.14688403749612433
716	0.14696204168432017
717	0.14695643849298945
718	0.14661319340995133
719	0.1464047203916678
720	0.14609404810042348
721	0.1461015971404061
722	0.14600771354510703
723	0.14575516611251493
724	0.1457430325362826
725	0.14545947411853055
726	0.1453087380353852
727	0.14529991442439796
728	0.1450607691996175
729	0.14506974543962586
730	0.14496642029808135
731	0.14457305564196912
732	0.1444660560312946
733	0.14446686888895324
734	0.14435394246319083
735	0.14401863034760423
736	0.1440703319130005
737	0.14383816836225602
738	0.14389128199864992
739	0.14343157011922014
740	0.14344287906459255
741	0.14347590167411084
742	0.14323755796103965
743	0.14301175212347333
744	0.14307854113587037
745	0.14304184742652326
746	0.1428332144495336
747	0.14249080428576053
748	0.14236289785100265
749	0.1423155681711931
750	0.1418591892397581
751	0.14197141380981596
752	0.14172786990225558
753	0.14166007850790863
754	0.14166828014598123
755	0.14136561140659545
756	0.1413037065363186
757	0.14125754348990308
758	0.14090355396825988
759	0.1408415351953825
760	0.14057378048189112
761	0.14043130132650158
762	0.14042142467265178
763	0.1400047970467649
764	0.1401252097049424
765	0.13972833486450284
766	0.13950453178321168
767	0.13987678447636023
768	0.13947593864465838
769	0.13934703890109368
770	0.1393253491834909
771	0.13911937723729184
772	0.13887344206214236
773	0.13857416325672042
774	0.13868001042120043
775	0.13839312833242057
776	0.13840560504532326
777	0.13844337164348142
778	0.1382825472153266
779	0.1379202957433715
780	0.13785386468642452
781	0.137500802133052
782	0.13776404587176191
783	0.13741608486218118
784	0.13734045161700267
785	0.13729681912930924
786	0.1368841760429268
787	0.1368796524673193
788	0.13675370114237684
789	0.13668279485273976
790	0.13656859776690694
791	0.13615069668166815
792	0.13604171307065666
793	0.13583201204399728
794	0.13601344265628879
795	0.13553917917274266
796	0.1357728659489016
797	0.1354801688304907
798	0.13526898021225817
799	0.13531541077635434
800	0.13511784196614965
801	0.13485369122936394
802	0.13467730496611582
803	0.1346671599536563
804	0.13443956389721085
805	0.13438133751264073
806	0.1341567771707644
807	0.13434883058070002
808	0.13387193566171735
809	0.13386485566737552
810	0.1335147367231127
811	0.13357226159743335
812	0.13358604775988017
813	0.13337603156374184
814	0.13314339883330356
815	0.13284278912978842
816	0.13296680071391104
817	0.13282460452655584
818	0.13268446202345507
819	0.1327377085876442
820	0.1326760615617607
821	0.13240038383676014
822	0.13202201027542135
823	0.13200890432687326
824	0.13178499013514006
825	0.1317771733348789
826	0.1317099323887118
827	0.1314573100464603
828	0.13123271165055206
829	0.1312630383745618
830	0.13119700221838979
831	0.13092878012202233
832	0.13088283621487296
833	0.13053914113003584
834	0.13063321498338476
835	0.13027810154669317
836	0.13024033029730733
837	0.13003708894698665
838	0.1300332269599221
839	0.12992763216815376
840	0.12984351149526543
841	0.12964959255498174
842	0.12941833822190804
843	0.12927025213592414
844	0.1293976233043597
845	0.12904919762090128
846	0.12895420429850707
847	0.12890694522824847
848	0.12850254153802299
849	0.12866631837633632
850	0.1282703901183494
851	0.12880446661673775
852	0.12843659999087836
853	0.1281847518065098
854	0.1279492976182054
855	0.1279347976653351
856	0.1279879758994153
857	0.12767483268591887
858	0.1274871139984983
859	0.1270841271571976
860	0.1271822590321509
861	0.12700913711120118
862	0.12689491934135544
863	0.12689793219234677
864	0.12677761109580218
865	0.12650567201267543
866	0.12654168879324437
867	0.1262760642086956
868	0.12648822503800486
869	0.1259763233973636
870	0.12598017101595893
871	0.1256927728317417
872	0.12567886526763822
873	0.12547013013112637
874	0.12537727626116882
875	0.12500655909244723
876	0.12517270893115354
877	0.125103155773841
878	0.12535819157913544
879	0.1249354338745923
880	0.12461347843923604
881	0.12462293621247586
882	0.12437077273578749
883	0.12451272796068528
884	0.12426144301865766
885	0.1239882807758467
886	0.12405211431236882
887	0.12377468017874171
888	0.12375879459683223
889	0.12340646161444493
890	0.12333939468665756
891	0.12321344392641904
892	0.12326093625515165
893	0.12297370013519693
894	0.12294914038976616
895	0.12291006124083774
896	0.12228834851926151
897	0.12251551222345564
898	0.12235952847674382
899	0.1222457869166557
900	0.12227021323079264
901	0.12212340804391213
902	0.12213511613155151
903	0.12180890687011241
904	0.12164275585228072
905	0.12160966877058582
906	0.12142852681178087
907	0.121327083743274
908	0.12128761256158822
909	0.1210993750754571
910	0.12092247170885877
911	0.12094084499052907
912	0.12078851248813666
913	0.12044797285929612
914	0.12041875219250364
915	0.12050256774178493
916	0.12012847218221044
917	0.11998030256339691
918	0.12008928407185838
919	0.1199826146729098
920	0.11960948779053894
921	0.1195304464305149
922	0.1194216280621358
923	0.11936440071896318
924	0.11922101825124264
925	0.11887616422846409
926	0.11871693900485093
927	0.11871860251791005
928	0.1186642384167496
929	0.11846762223738999
930	0.11844326880666067
931	0.1182746256536832
932	0.11825462924891567
933	0.11799824437271487
934	0.11794881723762307
935	0.11788617037822631
936	0.11783285461714017
937	0.11770615186452459
938	0.11726822759494131
939	0.11730355871577869
940	0.11725966874701835
941	0.11719504203675962
942	0.11688768442474061
943	0.11677356511750689
944	0.11659585281431394
945	0.11662392797110431
946	0.11649811931301285
947	0.11641479828641704
948	0.11631193846226799
949	0.11606970408254115
950	0.11602919698670416
951	0.11576269333464209
952	0.11586565661634653
953	0.11562979295185775
954	0.11554481555887326
955	0.11550366967826539
956	0.11534540807438702
957	0.11525395289903352
958	0.11489370619281213
959	0.11497219564147601
960	0.11472738455782767
961	0.11445589980783452
962	0.11452185655837085
963	0.11446552391001726
964	0.11410588727795798
965	0.11399507278891513
966	0.1137139519250265
967	0.11392932129647682
968	0.11372104397309472
969	0.11369738340960285
970	0.11367510954115638
971	0.11349694768431444
972	0.11348682609938124
973	0.11317513164779935
974	0.11312161801471564
975	0.1131963628386508
976	0.11276606003799675
977	0.11289440563446455
978	0.11265702389293622
979	0.1123309041186828
980	0.11227018257837301
981	0.11207767397217261
982	0.11224280254672213
983	0.11222050971827613
984	0.11176991004698877
985	0.11151290628008002
986	0.1116668324311685
987	0.11155174360765299
988	0.11127184724136827
989	0.11106589571199633
990	0.11104271028455484
991	0.11116179484741096
992	0.11091821641337328
993	0.11093883078628451
994	0.11087687265898576
995	0.11077875736994633
996	0.11058314312296026
997	0.11034718802365097
998	0.1103711428012803
999	0.11003984970874482
1000	0.11002653977512711
1001	0.10980484736343504
1002	0.109880069744459
1003	0.10939333637102894
1004	0.10959546548425685
1005	0.1094038811666303
1006	0.10931523827949632
1007	0.1092588587418029
1008	0.10921177537640862
1009	0.10886302425308766
1010	0.10900154572275053
1011	0.10842097545608428
1012	0.1085474791259797
1013	0.10856284202670714
1014	0.10841689611605104
1015	0.10839025950282809
1016	0.10806474963743379
1017	0.10803246639910746
1018	0.10790279492509532
1019	0.10784102378178127
1020	0.1076523128106385
1021	0.10745046661666832
1022	0.10739385639511437
1023	0.10732750147450369
1024	0.10721144210232464
1025	0.10703779625939008
1026	0.10689107219539946
1027	0.10672262022089242
1028	0.1069674300587524
1029	0.10668667185458217
1030	0.10634864329150437
1031	0.10630147712778575
1032	0.10618144422031016
1033	0.10630548689074634
1034	0.10613814602053409
1035	0.10604483877690991
1036	0.10583940985286296
1037	0.10552583564092982
1038	0.10560308376593296
1039	0.10537562037488993
1040	0.10555153639687193
1041	0.10515561977732057
1042	0.10504701021591555
1043	0.10515031345536541
1044	0.10495617544834629
1045	0.10472464460855678
1046	0.10474015599839255
1047	0.10474562773848431
1048	0.10437961925081267
1049	0.10425917654678514
1050	0.10438818098651367
1051	0.10423061711889405
1052	0.10385896476376485
1053	0.10368382772692401
1054	0.1038414804146313
1055	0.10378374327492113
1056	0.10345439518450238
1057	0.10350357680939767
1058	0.10349696748565357
1059	0.10329585132740249
1060	0.10302891211423021
1061	0.10290137324485209
1062	0.1028073223783253
1063	0.10279972877190308
1064	0.10269164113469297
1065	0.10257023071248912
1066	0.10246323296534061
1067	0.10215280719311279
1068	0.10198018514893895
1069	0.10197668371922275
1070	0.10181715294828216
1071	0.10182700688336882
1072	0.10166226285636366
1073	0.10164175271323202
1074	0.10152763110812296
1075	0.1013247133312638
1076	0.10123088198328205
1077	0.10127641789653032
1078	0.10089781846407969
1079	0.1010112363600957
1080	0.1008474629100264
1081	0.10078398902298835
1082	0.10047125935510706
1083	0.10049297531479331
1084	0.1004242618871937
1085	0.10050729364338279
1086	0.10039004774178811
1087	0.10022128872237376
1088	0.09994832292582856
1089	0.10015861048128212
1090	0.0997139572036748
1091	0.09944341261896314
1092	0.0994491925486818
1093	0.09943765012894502
1094	0.09917853972859023
1095	0.09912795316991105
1096	0.09894879843901416
1097	0.09890637982318838
1098	0.0986425156663895
1099	0.0987013675176414
1100	0.09867414305145977
1101	0.09855490970813405
1102	0.09815125558630458
1103	0.09836776531556046
1104	0.09823052914023053
1105	0.09800224763581036
1106	0.09794853126123661
1107	0.09762786815316042
1108	0.09790216336213833
1109	0.09768978997175892
1110	0.09758459854382623
1111	0.09747196774604953
1112	0.09724741191811459
1113	0.09725044345985845
1114	0.09725158640497454
1115	0.09698005990569344
1116	0.09690567986014434
1117	0.09681600983816907
1118	0.09665659629787195
1119	0.0966810483977863
1120	0.09621925766976261
1121	0.09652420182485104
1122	0.09608504651217233
1123	0.0961229117491253
1124	0.09595840315294961
1125	0.09583634221181228
1126	0.09577820737548969
1127	0.09569429706888903
1128	0.09563400739563155
1129	0.09532840434831545
1130	0.09539622961345487
1131	0.09518027923562665
1132	0.09495019087664062
1133	0.0951176189265242
1134	0.09489720405468605
1135	0.09474176727153685
1136	0.0945707246824298
1137	0.09426604110164842
1138	0.09426489548534754
1139	0.09399705891351023
1140	0.09416492768603253
1141	0.09407095140947189
1142	0.09425243663125653
1143	0.09393338142767027
1144	0.09384865696786976
1145	0.09364358190987954
1146	0.09349367639941457
1147	0.09334675589272307
1148	0.09340152610958358
1149	0.093371117821009
1150	0.09300819852946997
1151	0.09298413712019446
1152	0.09299627252679821
1153	0.09284355542362085
1154	0.09257636241838817
1155	0.09239050156083455
1156	0.09251643300741318
1157	0.09224921000742267
1158	0.09231003488818455
1159	0.09220799387157749
1160	0.09179433697771545
1161	0.09175042389541327
1162	0.09189854293797016
1163	0.09170049359419499
1164	0.0914171034110165
1165	0.09133174808364006
1166	0.0914042749517797
1167	0.09131222642168652
1168	0.09110043213703758
1169	0.09101448212399056
1170	0.09098711858287775
1171	0.0905397623513314
1172	0.09072600363965436
1173	0.09070669196681931
1174	0.09048847759817734
1175	0.09029135047403662
1176	0.0900942374338825
1177	0.0900400211312589
1178	0.08994426537725463
1179	0.0896697576152247
1180	0.08984084154913718
1181	0.0896228380439799
1182	0.08929221632940143
1183	0.08919181500633658
1184	0.08914313446457144
1185	0.08904617419859108
1186	0.08921365444718299
1187	0.08894981472696899
1188	0.08869470707049568
1189	0.08860159926999257
1190	0.08846472593153724
1191	0.08853563202525516
1192	0.08840924005561938
1193	0.08843463900829099
1194	0.08805571153801793
1195	0.08802167933892747
1196	0.08786361854085988
1197	0.08773024756075226
1198	0.08775711441828891
1199	0.08755695170116722
1200	0.08731432239205418
1201	0.08737156857106265
1202	0.08725362620119358
1203	0.08703771358295445
1204	0.08705148117873844
1205	0.08683217347661959
1206	0.08687580035171688
1207	0.08647269560097261
1208	0.08650588711334242
1209	0.08635889848443214
1210	0.08641119339918678
1211	0.08603560347363938
1212	0.08606536575122956
1213	0.0858588235608377
1214	0.08581471722924608
1215	0.08584601658115601
1216	0.08571307491432843
1217	0.08549453825628905
1218	0.08504581399905714
1219	0.08511725163483534
1220	0.08515315734555358
1221	0.0848615460981634
1222	0.08515722507195507
1223	0.08484686436690042
1224	0.08465908167771273
1225	0.08480376242487286
1226	0.0844606186007781
1227	0.08439814283810103
1228	0.08417369999975738
1229	0.08412086354644116
1230	0.08397865463115049
1231	0.08385818694381987
1232	0.08370151145457788
1233	0.08375167111523987
1234	0.08346294131786601
1235	0.08349185297474224
1236	0.08335088913940472
1237	0.08336900161482635
1238	0.0832299049913296
1239	0.08283308917227634
1240	0.0829536611528272
1241	0.08276517133925093
1242	0.0826270692793422
1243	0.08264313173440861
1244	0.08235577646124428
1245	0.08230584489727605
1246	0.08206107547685372
1247	0.08182126256413952
1248	0.08211994649535055
1249	0.08190956866431882
1250	0.08177858354543815
1251	0.08179389304406076
1252	0.08168844874076939
1253	0.08143949815802431
1254	0.08111555471390554
1255	0.08121941319315563
1256	0.08115761349366724
1257	0.08072799219756568
1258	0.08089805582501003
1259	0.08045887407921923
1260	0.0804523061953117
1261	0.08057930163533461
1262	0.08036391591325953
1263	0.08033966149130087
1264	0.07997062280020466
1265	0.07983128736748489
1266	0.0798708276303638
1267	0.07965458855370523
1268	0.07963953183744174
1269	0.07941038567445267
1270	0.07945498502545578
1271	0.07931384133693026
1272	0.07896130967442626
1273	0.07902660800911036
1274	0.07900459514608672
1275	0.07890654935414955
1276	0.078616587185936
1277	0.07852451660714004
1278	0.07824410999517006
1279	0.07817445590775844
1280	0.07817899733292993
1281	0.07819721642729299
1282	0.07786827659547957
1283	0.07779302690616045
1284	0.07782101825869131
1285	0.07761621891244444
1286	0.07748139193905203
1287	0.0773278765468087
1288	0.07726612354406491
1289	0.07709272337592575
1290	0.07666847894517335
1291	0.07677446501103667
1292	0.07647474424579703
1293	0.07673569782885171
1294	0.07652282296544556
1295	0.07622613661015128
1296	0.07639672809051234
1297	0.07615630250937591
1298	0.07601147394487907
1299	0.07594856802085395
1300	0.07564325043327844
1301	0.07582650484565351
1302	0.07520898612752061
1303	0.07538999248564669
1304	0.07523748993245777
1305	0.07537338893059141
1306	0.07498095888002831
1307	0.07489155234865495
1308	0.0747201131532496
1309	0.07504889279681941
1310	0.07441961072641746
1311	0.07447961011521274
1312	0.07425070939789981
1313	0.07431019287761384
1314	0.07380405513540678
1315	0.07390228366482482
1316	0.0738177093743391
1317	0.07378610780959564
1318	0.07338311158691131
1319	0.07323220374232534
1320	0.0731157857000388
1321	0.07306480053628023
1322	0.07299414378006
1323	0.07261384386777014
1324	0.0729745092099008
1325	0.07237526283210434
1326	0.07299138087738634
1327	0.07231460392965451
1328	0.07230119268122132
1329	0.07198881638224183
1330	0.07221393681239849
1331	0.07160529616797064
1332	0.07182849534178097
1333	0.07174194339057484
1334	0.07153299463965727
1335	0.07168275219216644
1336	0.07118621718553533
1337	0.07111952355948771
1338	0.07075417194138853
1339	0.07112156972804456
1340	0.07080419996255811
1341	0.07044114321675629
1342	0.07050062339302228
1343	0.07056000261480735
1344	0.0702636717537879
1345	0.06977832052105926
1346	0.06982243626140311
1347	0.06988530012522486
1348	0.06954202500375604
1349	0.06977500821427807
1350	0.06955053463734037
1351	0.06921871628470432
1352	0.06914962127828886
1353	0.06898880496400533
1354	0.06875405956527082
1355	0.068773166271609
1356	0.06873962217187404
1357	0.06854788029554597
1358	0.06831726001836805
1359	0.06810743481117393
1360	0.06814997593924903
1361	0.06785638658534145
1362	0.06777544342172442
1363	0.06764093579580158
1364	0.06766117870093262
1365	0.06736786900988574
1366	0.06723998902539177
1367	0.06700790031755198
1368	0.06710369837208476
1369	0.06701374380697148
1370	0.06685325955359055
1371	0.0668605088599412
1372	0.06656566149796585
1373	0.06657494292719603
1374	0.06612057734769182
1375	0.06628641148830962
1376	0.0660903406481888
1377	0.06607138034979337
1378	0.06576986841123443
1379	0.06558958113788566
1380	0.06539934154086403
1381	0.06525837012088966
1382	0.06544279686859002
1383	0.06511034685868099
1384	0.0648538154555697
1385	0.065250090799317
1386	0.06455760072503675
1387	0.06458173735153752
1388	0.06410389738941352
1389	0.06435776780726905
1390	0.06439444051862958
1391	0.0640760179533441
1392	0.0638521949731956
1393	0.0636828814158531
1394	0.06370740180825359
1395	0.06356000302955342
1396	0.06337137463258805
1397	0.06312806396544478
1398	0.06326384463588602
1399	0.06299171769155125
1400	0.06305812890242035
1401	0.0627545891305183
1402	0.06274491798475439
1403	0.062291900967032576
1404	0.0625697014218109
1405	0.062322757162561915
1406	0.06201827551333428
1407	0.06216906524115328
1408	0.06167824435109937
1409	0.062115391275272075
1410	0.0614955977628985
1411	0.06169465208382255
1412	0.06120369525892145
1413	0.0613406004270705
1414	0.06096096724577505
1415	0.06074827838686212
1416	0.060987107395717895
1417	0.060776980227816094
1418	0.06064532866005881
1419	0.06036272781935678
1420	0.06032810244656196
1421	0.06052069325552276
1422	0.06021499028211636
1423	0.060104240387570895
1424	0.05977132704583371
1425	0.0598108716742388
1426	0.059481552095505374
1427	0.05951667823829748
1428	0.05944339911771096
1429	0.05931860545657977
1430	0.05889380760224709
1431	0.05895675963889789
1432	0.05872523064168211
1433	0.05861670446967041
1434	0.05871682334476536
1435	0.0584492433335542
1436	0.05849503207379643
1437	0.057871242001120676
1438	0.05835346014283494
1439	0.05793050986327166
1440	0.05764366251798041
1441	0.05776222491961551
1442	0.05749656379585339
1443	0.0577553289546551
1444	0.05742628919984973
1445	0.057067120533929844
1446	0.05701592563962013
1447	0.05699265069454913
1448	0.05691658125860731
1449	0.05650981558009007
1450	0.05643188402051941
1451	0.056290542406294344
1452	0.05627400652235103
1453	0.05624998753517197
1454	0.056351873114780036
1455	0.055834222517169546
1456	0.05574461428168994
1457	0.055997831723203356
1458	0.055679170736060254
1459	0.055408351089671355
1460	0.0555683803942499
1461	0.055362181439060895
1462	0.0551661950948799
1463	0.055133525738077865
1464	0.055276326213142386
1465	0.05459527678524448
1466	0.054694866798143754
1467	0.05450888376995799
1468	0.054641353520036295
1469	0.05434287923445295
1470	0.0543643689916914
1471	0.05430302831475364
1472	0.054140118404611845
1473	0.05380871580531687
1474	0.054060286505947595
1475	0.05381358664523525
1476	0.053881809711468505
1477	0.05386620575595679
1478	0.053492449705406446
1479	0.05349732501663468
1480	0.053398192389923535
1481	0.053590472921359246
1482	0.0531072242252328
1483	0.05305129358681113
1484	0.05310790694120863
1485	0.05290674958289557
1486	0.053212634888943164
1487	0.053286721128387164
1488	0.052947694957964614
1489	0.05296334101674503
1490	0.052777534086312264
1491	0.052753474631942805
1492	0.05272843870737339
1493	0.05262421129448712
1494	0.05265253127037652
1495	0.05281181261445602
1496	0.05244992498972386
1497	0.0521954593033423
1498	0.05242708180065025
1499	0.05272635494271727
1500	0.05226661413165468
1501	0.052294017383860004
1502	0.052348030561745806
1503	0.05219128470421777
1504	0.052293137943913555
1505	0.05258567109417926
1506	0.052205740719179744
1507	0.052227597748251496
1508	0.05214293049703435
1509	0.05238893912541686
1510	0.051981578793703104
1511	0.05171912042667255
1512	0.05200337540640782
1513	0.05170010073084453
1514	0.05169551463863759
1515	0.05136265139417813
1516	0.05166164852808182
1517	0.05132423849479261
1518	0.051264276463660045
1519	0.05146962011174244
1520	0.05155865417404634
1521	0.051179385037715165
1522	0.05138965267409821
1523	0.051151691105929965
1524	0.05096380733963752
1525	0.05081646968155982
1526	0.050566488297582174
1527	0.051281422527653386
1528	0.05083691269177801
1529	0.051090869121544105
1530	0.050508208067205886
1531	0.05039650337499539
1532	0.050947502955983756
1533	0.05031183696276782
1534	0.05063324716972887
1535	0.050477351699781334
1536	0.04998685297729301
1537	0.05029937664781043
1538	0.04986534054294012
1539	0.04988668855729603
1540	0.050101205576827706
1541	0.04990912262156018
1542	0.049711799292871756
1543	0.04968426702314144
1544	0.04960801739024979
1545	0.0493490014989378
1546	0.049685978775761565
1547	0.04953181687158228
1548	0.04962260590904342
1549	0.04937246098477064
1550	0.04913254467638128
1551	0.048950120429384195
1552	0.0488662930862751
1553	0.04912943350645905
1554	0.048910133623609985
1555	0.048373316567024
1556	0.04879793975022218
1557	0.048754707738217044
1558	0.048538913025400546
1559	0.048440108979039234
1560	0.04804267787616173
1561	0.048380012123671864
1562	0.04803421914433326
1563	0.048201886044010774
1564	0.048081140513338644
1565	0.04815253209115682
1566	0.0480016024325047
1567	0.04737070720996323
1568	0.04762674688530288
1569	0.04724581430235879
1570	0.047572488578684353
1571	0.04773689202110955
1572	0.04708059556675275
1573	0.04702687097425682
1574	0.04703491949748792
1575	0.047204108086166305
1576	0.04666132949947972
1577	0.04698241780328944
1578	0.046940769322056146
1579	0.0462922203718086
1580	0.046407446695993136
1581	0.046414309533151975
1582	0.04645852072810894
1583	0.046346059579820194
1584	0.04622997435231611
1585	0.04607224759531615
1586	0.04604050841237409
1587	0.04623401682443964
1588	0.04594773870160017
1589	0.04617017572683501
1590	0.046003704105907095
1591	0.04558217355326912
1592	0.04580507353477796
1593	0.04512126823848248
1594	0.04538810724656063
1595	0.04569925952994139
1596	0.04551986819870815
1597	0.045165809354646
1598	0.04500307695144375
1599	0.04478370772255943
1600	0.04506586353284464
1601	0.04456892223718013
1602	0.044260731880982916
1603	0.04466477298712705
1604	0.04459179370411366
1605	0.0445986140213114
1606	0.04402224055448511
1607	0.04435012077107488
1608	0.04381783190900368
1609	0.04455006449191186
1610	0.04369628899092519
1611	0.044123053059359145
1612	0.04372224786423471
1613	0.04408253223992217
1614	0.043748739990176505
1615	0.04369418930641867
1616	0.043390387207055105
1617	0.043230868622289566
1618	0.043015820530319514
1619	0.04323752298645294
1620	0.04309651389975455
1621	0.042944790301960675
1622	0.04296904940667078
1623	0.04306608793410958
1624	0.04264409355239568
1625	0.04256173622899869
1626	0.042360528073068664
1627	0.04243168429544303
1628	0.042811341512915754
1629	0.04198680726690195
1630	0.041972930411430374
1631	0.04220010286149255
1632	0.04199683680745091
1633	0.04171355525657115
1634	0.04193464505835874
1635	0.04147665649707652
1636	0.041353881195584447
1637	0.04195598150070154
1638	0.04145617752286593
1639	0.04174116318823372
1640	0.04135344179809678
1641	0.041060045973615615
1642	0.04130001865886946
1643	0.04123468245771256
1644	0.04138924079267907
1645	0.04072240872199586
1646	0.040681533472842465
1647	0.04057521730981632
1648	0.04097908925619234
1649	0.040147811700720314
1650	0.040545055513586094
1651	0.04039922815346848
1652	0.04052616054414938
1653	0.04027115295606953
1654	0.040059782100590156
1655	0.03999313500097403
1656	0.03999111688649275
1657	0.04013190899149215
1658	0.0398197988023986
1659	0.040175048013397746
1660	0.03995168893933974
1661	0.03939919840546653
1662	0.0397085762465534
1663	0.039248955296323336
1664	0.039294523845605826
1665	0.039901812065802005
1666	0.03930235100483544
1667	0.03898914519737769
1668	0.039448808948016556
1669	0.038532671376338506
1670	0.03888797402627817
1671	0.038723122053972235
1672	0.03861338372733148
1673	0.03872007382840961
1674	0.03811292071479228
1675	0.03853586043882316
1676	0.037878334392115375
1677	0.03883254703674695
1678	0.03790934243706368
1679	0.03816600609287667
1680	0.03792845442549069
1681	0.03754721095531316
1682	0.03816560344303679
1683	0.037177371807925616
1684	0.03776343539594069
1685	0.03714033936499806
1686	0.03751369978642997
1687	0.03748836974995503
1688	0.03703349113921914
1689	0.037130266144665594
1690	0.037383016571863596
1691	0.037596564975437646
1692	0.03691107493926211
1693	0.03689276650126674
1694	0.0366895784618327
1695	0.03639465450942069
1696	0.037012176146875776
1697	0.03677521914967164
1698	0.03632233874959427
1699	0.036489337315381815
1700	0.036350038586989396
1701	0.03649172925786662
1702	0.036405853365331704
1703	0.03614817260928508
1704	0.03596724519665131
1705	0.03542747034324477
1706	0.035886543505110724
1707	0.03597021860250218
1708	0.03585723203172213
1709	0.03585646572990263
1710	0.03521046380783561
1711	0.035930884344814513
1712	0.035555095594551986
1713	0.035264360773225034
1714	0.03532629435781686
1715	0.0349439689524043
1716	0.03524255947850881
1717	0.03473005257342747
1718	0.0349484330362599
1719	0.035019721016100985
1720	0.03472380757627817
1721	0.03494884558938948
1722	0.03411300109402481
1723	0.034658290042346496
1724	0.0349689587093597
1725	0.03399003651426718
1726	0.03483489523257919
1727	0.03402489950248375
1728	0.03380868290307482
1729	0.0337323063168497
1730	0.03320880171660357
1731	0.0337912606227025
1732	0.03397286035931315
1733	0.034305938689738504
1734	0.03338170434564559
1735	0.03402466566969443
1736	0.03347962327322902
1737	0.03355191907337879
1738	0.033231453114181124
1739	0.03408314379685801
1740	0.033158679006590114
1741	0.033414494703048504
1742	0.0338210010775582
1743	0.03297118869111798
1744	0.0339705074030688
1745	0.033217888040826093
1746	0.03289183272937275
1747	0.032803937071296814
1748	0.03221159453774577
1749	0.032835128382067216
1750	0.03275159551325615
1751	0.03230103992710232
1752	0.032711404189836125
1753	0.03214654036299106
1754	0.032433800716981334
1755	0.03178757104113906
1756	0.032447946976414045
1757	0.032001315925911836
1758	0.031945589732864835
1759	0.03221800620633052
1760	0.03189905731094895
1761	0.03204811125625765
1762	0.031889641226072254
1763	0.03114144199357526
1764	0.031697958208388916
1765	0.031167860092255074
1766	0.03215863095637345
1767	0.032033844717164105
1768	0.03108923710113401
1769	0.03174794747133319
1770	0.030708736395871607
1771	0.03146023945464036
1772	0.03150192023085506
1773	0.03107659621644291
1774	0.03132985521194275
1775	0.030586730586282043
1776	0.031051594494230058
1777	0.031105421922458246
1778	0.03103212009690426
1779	0.0306617705959405
1780	0.030462694523334465
1781	0.031234878458406997
1782	0.030256260910125343
1783	0.030630183165010382
1784	0.030142926763171218
1785	0.030260163715327488
1786	0.030747342982139894
1787	0.03023538140680777
1788	0.030035665857629373
1789	0.030160079198656507
1790	0.029830024451831152
1791	0.030694703766449796
1792	0.02912441629886061
1793	0.029848033834408146
1794	0.029602136556877524
1795	0.029375684261894203
1796	0.029195925189174264
1797	0.02963209313334206
1798	0.030204177759288693
1799	0.03036056955432791
1800	0.02928975958916443
1801	0.029425263274105818
1802	0.028960067137824633
1803	0.02978871776197727
1804	0.028736155506613986
1805	0.02943049303280234
1806	0.028955735484443444
1807	0.028771247461615617
1808	0.02882603435786448
1809	0.028535285067051133
1810	0.02867218360486799
1811	0.02899593851006215
1812	0.028890549195998146
1813	0.02853037862657508
1814	0.02957598090076588
1815	0.028516392466764663
1816	0.028294410159269444
1817	0.0283227270232892
1818	0.027706514309469667
1819	0.02843557959255185
1820	0.028137021668452094
1821	0.028604584313036422
1822	0.027576506968116168
1823	0.027483011645585836
1824	0.028357411882718172
1825	0.028220639567081388
1826	0.027241486908138938
1827	0.02863561678009829
1828	0.028394942188039875
1829	0.02764884398127567
1830	0.027266622406126154
1831	0.027772966332977305
1832	0.02688910500127425
1833	0.026878695268673907
1834	0.0276587260201652
1835	0.027070304028810784
1836	0.02733262215723445
1837	0.02677025458864887
1838	0.027543698655289096
1839	0.02673553728439747
1840	0.027085682045361322
1841	0.027442895557382604
1842	0.026007450969872038
1843	0.026340149471911493
1844	0.026432928850203128
1845	0.026788010401885866
1846	0.02725140410215153
1847	0.02635155420653425
1848	0.02692388616678728
1849	0.0259704203696002
1850	0.024929045192856145
1851	0.025792633460803797
1852	0.025561774054222303
1853	0.025840009795277133
1854	0.025774962096677387
1855	0.02580709721742967
1856	0.02581018242829085
1857	0.025576587213978326
1858	0.024825741327186623
1859	0.026028505299224677
1860	0.025332922591691873
1861	0.02589363538279223
1862	0.02579775991511116
1863	0.02514387894348429
1864	0.024937026252617317
1865	0.025279394486082022
1866	0.025280460958892977
1867	0.02525062471581277
1868	0.02518022712409504
1869	0.02429307198223265
1870	0.024689977259951413
1871	0.02440926763837802
1872	0.024322560854062977
1873	0.02381102584210345
1874	0.024634858870104515
1875	0.02508407945223548
1876	0.024322629766053004
1877	0.02434137929894163
1878	0.02501269098978422
1879	0.02439272579414255
1880	0.02356346238610556
1881	0.02347409577644634
1882	0.023926832616051007
1883	0.0232874927110167
1884	0.023044170480833598
1885	0.023144139134888622
1886	0.023246474983466506
1887	0.02346813908382704
1888	0.022536230441424644
1889	0.023041556192469698
1890	0.02376284089666412
1891	0.022647055860661805
1892	0.023639327349047327
1893	0.022114560480550837
1894	0.022780986960501584
1895	0.022400076388051887
1896	0.021332755762342042
1897	0.02248589313950755
1898	0.023577312554641936
1899	0.022306344497699894
1900	0.021893835797576148
1901	0.021999292109168348
1902	0.021914569567480863
1903	0.022359904907122374
1904	0.021921553408493857
1905	0.021671593887074042
1906	0.02126893058360567
1907	0.02117466803435944
1908	0.022093574990317184
1909	0.021641973078747028
1910	0.02003407991764721
1911	0.02087196411804965
1912	0.021591673251252733
1913	0.018931921084761237
1914	0.01978933618112951
1915	0.019959077391663197
1916	0.01979515875006663
1917	0.020051023330721857
1918	0.021555525221531112
1919	0.02052189697083084
1920	0.019761229736432094
1921	0.020316056161700072
1922	0.0205926027943597
1923	0.01989737416292268
1924	0.018818104512055015
1925	0.01906358655569275
1926	0.01899216244932104
1927	0.019515009455083835
1928	0.018896890927304927
1929	0.019362247923308953
1930	0.018982469245094776
1931	0.018597373280777412
1932	0.01856722339920659
1933	0.019101011965675305
1934	0.018620900066611133
1935	0.018475217835733967
1936	0.01832830873032235
1937	0.01853507392475002
1938	0.01818416833063541
1939	0.017457799752932976
1940	0.018763381726568953
1941	0.017513075305116265
1942	0.01850997066492267
1943	0.016950989384418993
1944	0.017638204188906968
1945	0.017739989871034336
1946	0.017626212575899275
1947	0.015837295453757918
1948	0.017309836751333456
1949	0.01662305069572178
1950	0.016522931795359647
1951	0.015549067434710689
1952	0.01732952538925865
1953	0.015018903777129914
1954	0.015948384273342157
1955	0.017337625993107408
1956	0.015946063380046692
1957	0.015788747246141183
1958	0.01679450914538535
1959	0.016526143175046235
1960	0.01623670074348812
1961	0.014241374767571962
1962	0.013797366693174724
1963	0.014263483784279975
1964	0.015207701743105297
1965	0.014183244998896222
1966	0.015123082888732022
1967	0.014843012683853674
1968	0.015449274541251883
1969	0.013972374227022813
1970	0.014473680362540207
1971	0.015040809049964694
1972	0.014518918329543662
1973	0.016922315337308518
1974	0.012321509112837234
1975	0.012810899495284689
1976	0.013103433433757672
1977	0.014883616949617018
1978	0.013591323827457558
1979	0.012798408887440651
1980	0.013141783341219071
1981	0.011877127873139527
1982	0.013272020181408757
1983	0.012604926661368651
1984	0.012151525206078699
1985	0.010748737528951583
1986	0.010385830345699341
1987	0.012729860952177922
1988	0.011654231982846099
1989	0.010595366200475827
1990	0.011645585807049412
1991	0.011632937970652997
1992	0.012990603970374125
1993	0.011836142011063106
1994	0.011677753846475222
1995	0.011615230680950075
1996	0.011391355172660728
1997	0.010296567567463832
1998	0.009720847646077224
1999	0.00941452109819944
2000	0.010640474248453834
2001	0.010144477238034346
2002	0.011490072281718753
2003	0.008759419923980761
2004	0.009955993562753824
2005	0.011459664696083376
2006	0.011724322279741737
2007	0.008095066775977667
2008	0.010667476053106988
2009	0.009298793453614706
2010	0.010838832109040826
2011	0.009637880420654952
2012	0.009012814971608434
2013	0.009043251751440993
2014	0.00983631782044453
2015	0.00987502378321492
2016	0.010781816358806103
2017	0.009905416405416406
2018	0.007192180221874948
2019	0.009395205271928496
2020	0.008080300545683409
2021	0.011795927198585252
2022	0.008379667402975674
2023	0.007534079668602661
2024	0.00854006152577581
2025	0.008298610214077637
2026	0.00957312134216159
2027	0.010492873792873794
2028	0.008488834422657951
2029	0.007215044570293388
2030	0.006815208686176428
2031	0.010207775064635058
2032	0.008199992435879534
2033	0.00652844827586207
2034	0.007708585858585858
2035	0.006747908622908623
2036	0.008254682817182817
2037	0.007379919393077288
2038	0.009201839826839826
2039	0.00667816091954023
2040	0.007261107313738893
2041	0.006439772727272727
2042	0.008272352647352647
2043	0.005737741790373369
2044	0.004979017787573187
2045	0.008494652406417114
2046	0.007774509803921568
2047	0.0057857142857142855
2048	0.009816849816849816
2049	0.005066252587991719
2050	0.004047619047619047
2051	0.004672268907563025
2052	0.004915158371040724
2053	0.006837606837606838
2054	0.004615384615384616
2055	0.004833333333333334
2056	0.007846153846153846
2057	0.008535714285714284
2058	0.006463536463536463
2059	0.007509803921568628
2060	0.004523809523809524
2061	0.004216374269005847
2062	0.006935286935286935
2063	0.00369047619047619
2064	0.005595238095238095
2065	0.006666666666666666
2066	0.004837662337662338
2067	0.00825
2068	0.005
2069	0.005333333333333333
2070	0.004523809523809524
2071	0.010833333333333332
2072	0.003333333333333333
2073	0.002
2074	0.006666666666666666
2075	0.015
2076	0.005666666666666666
2077	0.02
2078	0.0025
2079	0.008333333333333333
2080	0.002
2082	0.013333333333333332
2083	0.013333333333333332
2085	0.006
2086	0.01
2087	0.002
2089	0.005
2094	0.01
