1	0.9459415624371392
2	0.8230617038888087
3	0.7548845881469651
4	0.7049341197012289
5	0.6648444009325205
6	0.6390832774454652
7	0.6144469318790715
8	0.5958884058056941
9	0.5756647755657096
10	0.5611551085508605
11	0.5470177401250196
12	0.5332070530419432
13	0.5223479452490428
14	0.5123502514088353
15	0.5032616268105019
16	0.4941508031370899
17	0.4834931270258347
18	0.47854131266326455
19	0.47090243653208946
20	0.46254823882904506
21	0.45816091183774416
22	0.45134276196172457
23	0.44566964385256563
24	0.44116881848398326
25	0.43378323128140417
26	0.4282334362520988
27	0.42427192914802137
28	0.41934875373999775
29	0.414375754363961
30	0.4113884748630003
31	0.40594979622732347
32	0.4019118108143555
33	0.39880413892367045
34	0.39421041963745734
35	0.3908981289527575
36	0.3870257140878344
37	0.3837744982425033
38	0.3794583207565796
39	0.37663454035562505
40	0.37325989372338575
41	0.3707844955456669
42	0.36721158119308933
43	0.36430167050642276
44	0.3612361922727213
45	0.3598045398369873
46	0.35574943228632255
47	0.3543385118508545
48	0.35191534222437176
49	0.3490055631329151
50	0.3459307097576254
51	0.3440385599628806
52	0.3419619879840288
53	0.33862755831810726
54	0.33641548432771023
55	0.33548871562474153
56	0.3331156052288198
57	0.330115467751023
58	0.3277088292749449
59	0.3265763204426272
60	0.324343585379564
61	0.32257305821587556
62	0.32048537724987064
63	0.3183065271904441
64	0.3167165693187665
65	0.31428674176764015
66	0.3124034198849373
67	0.3106609519676436
68	0.30904726908725166
69	0.30704651502519476
70	0.30491196049474284
71	0.3036869223695024
72	0.3015551268572317
73	0.30045859039761397
74	0.29908670188883923
75	0.2981585269016056
76	0.29589391417399863
77	0.2939207003828148
78	0.2927065460226234
79	0.2906590618192127
80	0.2895936558744418
81	0.2878533024290031
82	0.28680848833297967
83	0.2849355044285965
84	0.2835248479957854
85	0.2827331441525703
86	0.2810119881986838
87	0.2796641071543386
88	0.27838247321316056
89	0.2772032637387628
90	0.2751445586032572
91	0.2743425149358605
92	0.2731779504138951
93	0.271790446942945
94	0.27088556045982753
95	0.2691622965312285
96	0.26863462166117325
97	0.26675235884748116
98	0.2652520843311026
99	0.2644912006246521
100	0.26296525372101004
101	0.26228480412985905
102	0.2613521497166123
103	0.2601349305460792
104	0.2589343512713463
105	0.2577455450328755
106	0.25652207332294286
107	0.25559385634802917
108	0.2543776919753577
109	0.2528405529046867
110	0.2519106670539797
111	0.25122702869570146
112	0.25058154827581114
113	0.24918882719113356
114	0.2479521514990389
115	0.2471274160284234
116	0.24603675511840828
117	0.24507223916672136
118	0.24438225039068226
119	0.2432001551392322
120	0.24207732174232707
121	0.24137323160210944
122	0.24006113710160049
123	0.2390203988989902
124	0.23858307461239753
125	0.23728233909266525
126	0.23676375593228097
127	0.23584571527890344
128	0.23452151654583742
129	0.23383780848089913
130	0.23304601917157172
131	0.23185041292953115
132	0.23152403912987102
133	0.23038543560045802
134	0.23007647838570527
135	0.22856130634819874
136	0.22833817850762678
137	0.2274913716695174
138	0.2258470738299948
139	0.2249184693229525
140	0.22472938481140725
141	0.2236741212037755
142	0.22334081312661763
143	0.2220941076779198
144	0.2213709407855859
145	0.22013866096222454
146	0.21936406896198835
147	0.21895017518384324
148	0.21801549211337184
149	0.21672591862551385
150	0.21642222993894936
151	0.21556333763484417
152	0.21523047223459119
153	0.21470609406252528
154	0.21327771762053058
155	0.21265757271874905
156	0.21172735633869497
157	0.21130625502243108
158	0.210513793488596
159	0.20966394827131704
160	0.20959679386168503
161	0.20856515778399548
162	0.207882838222785
163	0.20741117203943574
164	0.20652231826828613
165	0.2057046925815259
166	0.20488499269814095
167	0.20448251026176667
168	0.20411799429122157
169	0.20278907631322776
170	0.20180811408708763
171	0.2014325587036079
172	0.2006853391375867
173	0.2000723733545091
174	0.1996956167854657
175	0.19911178204526142
176	0.19829762721456973
177	0.19729519616845492
178	0.19763338554451543
179	0.1966377463099468
180	0.19543241590710042
181	0.19508073002605542
182	0.19398642006765346
183	0.19392145958642126
184	0.1932730222357092
185	0.1926553545743706
186	0.19232633494816637
187	0.19133870004006182
188	0.1911181907209162
189	0.19025286666214453
190	0.18949606520581433
191	0.18907484163305535
192	0.18806519849769932
193	0.18797076424219944
194	0.18711210644590334
195	0.18681136130793122
196	0.185984437096697
197	0.18530248053414297
198	0.18468857082988252
199	0.18438859804210733
200	0.18370757973491234
201	0.1832577085261545
202	0.18268327705717485
203	0.18180969455094723
204	0.18167018363751075
205	0.18100305607302325
206	0.18040951308683448
207	0.17976075269287317
208	0.17938243512712718
209	0.17885819602659217
210	0.1781601631799404
211	0.17757249664913244
212	0.17705577685840146
213	0.17668020993296413
214	0.17634935064896037
215	0.17521219008912844
216	0.17485813988506846
217	0.17444973540938866
218	0.17372536994682167
219	0.17308392240109824
220	0.17295043116769243
221	0.1724031617796224
222	0.1717010250406156
223	0.17113895644277718
224	0.17106969944151762
225	0.17032167654127964
226	0.1698483719359794
227	0.16902066017712133
228	0.16865943372525194
229	0.16821491125268043
230	0.16766267079120645
231	0.1672997999229695
232	0.16667242196362206
233	0.16639458211175673
234	0.1659412788309671
235	0.16532531568415174
236	0.16463673731665535
237	0.16442452970823043
238	0.1643399663240666
239	0.16313263027296432
240	0.16287915800170727
241	0.16197115550754654
242	0.16246202891408285
243	0.1613846920274273
244	0.16067284545360455
245	0.16071790544333173
246	0.1603198854221814
247	0.15957171942528267
248	0.15926516932284726
249	0.15853995536372012
250	0.15827932056675398
251	0.15785283347736365
252	0.15696706815127764
253	0.15696994383721552
254	0.15641080347707004
255	0.15601544517835475
256	0.15559190375915866
257	0.1551975452794622
258	0.15468201664646386
259	0.1540536964543714
260	0.15363083610650105
261	0.1532022435637191
262	0.15282122325743897
263	0.15244553858341758
264	0.1523899717498105
265	0.15164079265527444
266	0.15107529082957347
267	0.15036657600308603
268	0.15060644571382148
269	0.1501431502993373
270	0.14958917377521655
271	0.14875741405141266
272	0.14866164185968173
273	0.14840267225030662
274	0.14782726172768365
275	0.14764941739968562
276	0.14687559302104747
277	0.1464470482819946
278	0.14601030904753395
279	0.1459471385428954
280	0.14558256779783185
281	0.14471134741914857
282	0.14472255506402554
283	0.1443850800154168
284	0.144005748390555
285	0.14320139315118896
286	0.1430710300219564
287	0.14272717593356915
288	0.1418626949651821
289	0.14179782886443434
290	0.14133963207341682
291	0.1411357186819811
292	0.1408917262355971
293	0.14030026379014443
294	0.14009067609670964
295	0.13974338483259108
296	0.1393110067657303
297	0.1392426498927105
298	0.1383911997497328
299	0.1379591783663908
300	0.13759584474599726
301	0.1373202267971079
302	0.1368923728015153
303	0.13660414952770272
304	0.13628261190857188
305	0.13580646145534903
306	0.1355149058752583
307	0.13498554226421053
308	0.13470246735541758
309	0.13431916825102494
310	0.1340723470377004
311	0.13355107008805522
312	0.13336988408442305
313	0.13283419288876508
314	0.13264721664910029
315	0.13233130567305856
316	0.13200644877939255
317	0.13136688412157507
318	0.13126667047077656
319	0.1309683705689299
320	0.13082782627768264
321	0.13032057199649177
322	0.1298334677949606
323	0.12947950961560273
324	0.12909844044860644
325	0.1288433836731409
326	0.12856774434518642
327	0.12826146280770817
328	0.12776519383212628
329	0.12731946470241964
330	0.12697567750011976
331	0.12703265330281188
332	0.12677701941803868
333	0.12622325419419173
334	0.12598554142534066
335	0.1253394949372348
336	0.12503171439880098
337	0.12480372549884666
338	0.12453542708545318
339	0.12426032694310049
340	0.12405464032433289
341	0.12384038328423257
342	0.12327334421465838
343	0.12288887800847936
344	0.12275682151512965
345	0.12233826834517939
346	0.12210156702078535
347	0.12180165134579786
348	0.12121626312084909
349	0.12137499015824989
350	0.12074910395020165
351	0.12038013000682325
352	0.12030543803974277
353	0.11993580269410814
354	0.1196938884474118
355	0.11909550557042843
356	0.11896933665022899
357	0.11853920385936105
358	0.11843447425285371
359	0.11821936946018016
360	0.11778362231409645
361	0.11754052876643861
362	0.11727102196288916
363	0.11700164827536802
364	0.1160970928942822
365	0.11622393224906505
366	0.11600782090996174
367	0.11564125490903296
368	0.11524750189323839
369	0.11504370156536808
370	0.11487134928420885
371	0.11455161799642449
372	0.1141965447825741
373	0.11395778478473045
374	0.11379676193938203
375	0.11340405237033938
376	0.11315470648266242
377	0.11274551120110939
378	0.11265131572518827
379	0.11205813275281779
380	0.11184559121146143
381	0.11165774071062136
382	0.11152205079558813
383	0.11110235413727257
384	0.11081016670660061
385	0.11028262468198173
386	0.11035279132502293
387	0.10996574398167808
388	0.10952828637759898
389	0.10952001326376244
390	0.10924722305602744
391	0.10894462068011404
392	0.10863083817634711
393	0.10836782343649111
394	0.10814051859617972
395	0.107839478820785
396	0.10758481230358752
397	0.10732900433542023
398	0.10722425992201026
399	0.10659087283945279
400	0.10655857704043761
401	0.1063130864568878
402	0.10595174209343936
403	0.10577537174958258
404	0.10557018710101851
405	0.10536308401177429
406	0.1048732075074667
407	0.1049533441825541
408	0.10433547985961067
409	0.104392425129821
410	0.10399822649260188
411	0.10366709518502583
412	0.10346382846407177
413	0.10330783458566607
414	0.10295374210627804
415	0.10253487329343793
416	0.102499183619783
417	0.1022920613068057
418	0.1019022526581968
419	0.10184836346660253
420	0.10161605178747411
421	0.10111367617972165
422	0.10082250565043811
423	0.10084239402665407
424	0.10050767869025275
425	0.10029084780871844
426	0.10014517942200746
427	0.09967523984188598
428	0.09959280906236127
429	0.09935839977902018
430	0.09914091738707159
431	0.09874900401247859
432	0.09853418641361512
433	0.09850556673575746
434	0.0982231993338516
435	0.0977913592723708
436	0.09778039282016912
437	0.09752841853089661
438	0.09718623888365979
439	0.09701381052855763
440	0.09699946873325277
441	0.09651566132874378
442	0.09632055805322132
443	0.09598261528140238
444	0.09598633661879165
445	0.09564311585070141
446	0.09544172133952364
447	0.09518088680944975
448	0.09503373590615112
449	0.09457388955138031
450	0.09455947499357956
451	0.09427927174220102
452	0.09404267254902443
453	0.09388198704130714
454	0.09362409255017864
455	0.09326382850252607
456	0.09301025702577202
457	0.09278389960913819
458	0.09280428297216452
459	0.0924427824747711
460	0.09234769588716855
461	0.09186616590300938
462	0.09174583010176493
463	0.09144254520818679
464	0.09103619126313399
465	0.09127935331906417
466	0.09078289864023327
467	0.09073058040250175
468	0.09060362389124403
469	0.0903363573366191
470	0.09012345131500943
471	0.08992611067582931
472	0.08980126021110912
473	0.08960888066651768
474	0.0893731644590691
475	0.08887628477288485
476	0.08902128989439201
477	0.08852886334814725
478	0.0884089839991258
479	0.08812674516690354
480	0.08804144657768809
481	0.08771135329963757
482	0.08748741082019228
483	0.08765643073811204
484	0.08729187202204837
485	0.0869429890633878
486	0.08680171560385659
487	0.0865922302216651
488	0.0861784329111678
489	0.08617933300783759
490	0.08607862267668454
491	0.08567482347803054
492	0.08557436784834115
493	0.08514808496271034
494	0.08516231718546606
495	0.084961969266114
496	0.08466379998453272
497	0.08439153198844128
498	0.08440139936554987
499	0.08405832031560777
500	0.08395228157811944
501	0.08376070374898285
502	0.08352929762091932
503	0.08315797219120016
504	0.08305075082193263
505	0.08311044460751651
506	0.08286644820935278
507	0.08242784126376014
508	0.08235927273397635
509	0.08210627600739834
510	0.08195006914154013
511	0.08172799075750971
512	0.08162087401749167
513	0.08145390439435031
514	0.08117102946615239
515	0.08105419843107357
516	0.08082675916610833
517	0.08058643154581273
518	0.08063470732768127
519	0.08036446952060698
520	0.07999977344994127
521	0.07993573194397355
522	0.07965298444229867
523	0.07942029888725485
524	0.07932378510569457
525	0.07905627753089765
526	0.07889315031258579
527	0.0787696231421624
528	0.07835598593974179
529	0.07841882211401786
530	0.07809120207960488
531	0.07801783535545785
532	0.07789256155462855
533	0.07751784987762578
534	0.07732323779534035
535	0.07722049862934105
536	0.07719265155576524
537	0.07681250388202174
538	0.07666596609633951
539	0.07626465735166568
540	0.07613646251868902
541	0.07620176859800662
542	0.07599316800008223
543	0.07576830113555535
544	0.07560427796197558
545	0.07531547978794882
546	0.07529562959047328
547	0.07498041894733534
548	0.07497837709266603
549	0.07481709249528908
550	0.07443155837345973
551	0.07452674162432577
552	0.07425442409289745
553	0.07402245271120084
554	0.0739695714534185
555	0.07365685808828715
556	0.07358652710697683
557	0.07350100687805937
558	0.07317383641939015
559	0.07300631095189052
560	0.07264007799868578
561	0.07268123963255287
562	0.07260189075908868
563	0.07232239024020798
564	0.07220499890180988
565	0.07193410991097263
566	0.07178832618659625
567	0.07156375255748636
568	0.07128267652783221
569	0.07129568848031359
570	0.07123056563436081
571	0.07075016626369557
572	0.07087254644193645
573	0.07055274956174534
574	0.07028274415559296
575	0.07009254006731395
576	0.07010840626437971
577	0.06981298065777007
578	0.06973206935423504
579	0.06958265632387169
580	0.06950592614615157
581	0.06916876533040715
582	0.06905378277738486
583	0.0688232958335529
584	0.0686442628236243
585	0.0686685870463418
586	0.06844369607637876
587	0.06820379108265322
588	0.06808872319492588
589	0.06785622521979344
590	0.06776018367578915
591	0.06776009941382061
592	0.06758279810568393
593	0.06728101993724378
594	0.06708035922888157
595	0.06721730604471146
596	0.06686303882573137
597	0.06662294680030577
598	0.06644382444955373
599	0.0662828490074791
600	0.06613479968983112
601	0.06615386228060417
602	0.0658731892725844
603	0.06573096010604368
604	0.06576266811749132
605	0.06544551245406477
606	0.0651885088388808
607	0.06504826244396882
608	0.06488269692956415
609	0.06487668396808582
610	0.06441767760231745
611	0.06448997083826988
612	0.0642472531674217
613	0.06432012491747166
614	0.06399881709174872
615	0.0638962747706406
616	0.0636334162264618
617	0.06356050414571693
618	0.06333541218446195
619	0.06323655156500566
620	0.06311968742498045
621	0.0629067008518049
622	0.06271430814014331
623	0.06254919950257624
624	0.06239939510416961
625	0.062176770557776866
626	0.062118756064014666
627	0.062202219210769204
628	0.06187919999083966
629	0.061737050057237876
630	0.061470420215363204
631	0.06154240690766437
632	0.06137362456500403
633	0.0612329148342768
634	0.06107376413832549
635	0.060865861873147464
636	0.060692995321453884
637	0.06047118336381534
638	0.060421938005554274
639	0.06016171382644088
640	0.060075984447460797
641	0.05987745336828109
642	0.05993282737405626
643	0.059604284665420865
644	0.059499005545546935
645	0.0592779078929358
646	0.059124783908978726
647	0.059246918235221636
648	0.059042072003767515
649	0.05882482395799586
650	0.05870785943825909
651	0.05837681620442359
652	0.05828479730138216
653	0.05825003860095603
654	0.05807175024751368
655	0.05786968704933283
656	0.05778393564109927
657	0.05757099073943731
658	0.05747366053274475
659	0.0575121030285325
660	0.057136515583455644
661	0.057181852763909795
662	0.05692691886396689
663	0.05675070687226775
664	0.05674584723432376
665	0.05647535954185818
666	0.056508887344624545
667	0.0562243226706743
668	0.05607425015311852
669	0.05590716795942249
670	0.05573256974699194
671	0.05575345611995435
672	0.05557989330686015
673	0.05544169368393277
674	0.055286931216917135
675	0.05506821757181793
676	0.05489302628014548
677	0.05496926175758337
678	0.05461822136965029
679	0.05455923067415332
680	0.054415705166713055
681	0.05428825444143493
682	0.054359520394035715
683	0.05413133026376786
684	0.05398276148089927
685	0.05389826542654654
686	0.05368741853513778
687	0.05349804894737102
688	0.05341226520299878
689	0.053237284166788135
690	0.05313593759430401
691	0.05311564100506337
692	0.052879050435892555
693	0.05270936101487969
694	0.05264954072706467
695	0.05259624013561571
696	0.05238732173597322
697	0.05240412931357114
698	0.052047011671547086
699	0.052050902230017446
700	0.05189758305049918
701	0.05177491609964241
702	0.0515342565906557
703	0.051572436600440724
704	0.051234617694110966
705	0.0513336108032728
706	0.051120429016859835
707	0.05112808594558507
708	0.05091078942702943
709	0.05059320746505892
710	0.05057470394739279
711	0.05040296337645261
712	0.05044098548380754
713	0.050143199563924136
714	0.050132296321308424
715	0.0500295627689856
716	0.04998645592657674
717	0.04973164110282487
718	0.049639247698320704
719	0.0494696906242156
720	0.049350135816303355
721	0.049273758046653654
722	0.04913898757757245
723	0.04893907847572269
724	0.04895364169312313
725	0.04892975771727356
726	0.04873716612868259
727	0.048546270209861804
728	0.048501872291907
729	0.04840795463399476
730	0.04822308129715319
731	0.048219611195831874
732	0.04789889048209438
733	0.04795097470751071
734	0.04778166277927909
735	0.047653912553689934
736	0.04752849925863252
737	0.04728254602673436
738	0.04718712026068303
739	0.04708282447134907
740	0.04698715261194903
741	0.046797936368002134
742	0.04685097352588044
743	0.046626399889467283
744	0.04665537115858556
745	0.04652728363064277
746	0.04633811894856594
747	0.04633532230821676
748	0.04603560708242985
749	0.046087980025750916
750	0.04589166790011603
751	0.0458165460813265
752	0.04565667373677572
753	0.04548847352940236
754	0.04544521208235083
755	0.04528087249141158
756	0.04505215642910935
757	0.04513731617241407
758	0.04500434783386718
759	0.04486275607883841
760	0.04473795575897079
761	0.04468728602354279
762	0.04455230225941608
763	0.04449085290831713
764	0.04433183298063041
765	0.04437385324107805
766	0.04406556779053778
767	0.044081764907848514
768	0.04390597177745953
769	0.043855420281892016
770	0.04372844082856471
771	0.043553747478080156
772	0.0434424679233729
773	0.043343998113356756
774	0.04310345910287352
775	0.04311997967972573
776	0.0431598945058974
777	0.042897730451465
778	0.04286426980184113
779	0.04258574413895064
780	0.04259343599854089
781	0.042507572943150336
782	0.042365778833469994
783	0.04233857707815302
784	0.04212079912719955
785	0.04207572104329013
786	0.042034115119561496
787	0.04186309655738276
788	0.04183741990449461
789	0.04157417728628932
790	0.04157730769400495
791	0.04143394249701876
792	0.04131942015799162
793	0.04130767207071945
794	0.04121481747414493
795	0.04108901501680797
796	0.04093339894394821
797	0.040986586452706086
798	0.040759212676292164
799	0.040596967169384574
800	0.04054580137655784
801	0.04045043158406723
802	0.04043158846574978
803	0.04026558869050403
804	0.040120310403816785
805	0.04018902923562522
806	0.03998042499218908
807	0.03986373146238003
808	0.03977963819934084
809	0.03962425607382941
810	0.03955451526030948
811	0.0394559204821604
812	0.0393909813280604
813	0.039291437215815475
814	0.03919037535408962
815	0.039086769155605154
816	0.039032816616434436
817	0.03890650300046676
818	0.03871991321115553
819	0.03877896495186162
820	0.03854018126354251
821	0.03858988300270416
822	0.03833401808571619
823	0.03835401516824385
824	0.038255896462778036
825	0.038071334157138634
826	0.037961616766882665
827	0.03775133582322713
828	0.03786203700087295
829	0.03778275574910743
830	0.037650508910178154
831	0.03755714339175329
832	0.03747962596369067
833	0.03738761038837772
834	0.037221375528064427
835	0.03722804982994621
836	0.03710208325603704
837	0.03705612020433606
838	0.03687751774426641
839	0.03685935661665529
840	0.036748103914751515
841	0.03658079419000155
842	0.03657564111677305
843	0.036340418781840224
844	0.036364861553903366
845	0.03630421211912429
846	0.03602663033599544
847	0.03609073896121209
848	0.03600279355668348
849	0.03596692184511757
850	0.03573287239289129
851	0.03576029350003861
852	0.03562595272768027
853	0.03550752829760913
854	0.035499408959881754
855	0.03538428479431722
856	0.035273969854433734
857	0.03529783595410716
858	0.035136528470355144
859	0.03497037310670831
860	0.035008104354149784
861	0.03477877057980821
862	0.03473167447511497
863	0.034664346153427866
864	0.034580211859850656
865	0.03453053525472343
866	0.034373362382904823
867	0.034345882176401055
868	0.034327638465201635
869	0.034140491679658796
870	0.03405059244997305
871	0.034059929099246766
872	0.03383060282905775
873	0.03375478057030282
874	0.03371053373443962
875	0.03358976533005264
876	0.033538560234251606
877	0.03348333382519893
878	0.033323653238918616
879	0.03331466606620171
880	0.03313309229258223
881	0.0330946070848087
882	0.03310458417623988
883	0.03296295992238671
884	0.03283495633636548
885	0.03274071339834861
886	0.03277337863726874
887	0.032630276443061414
888	0.032641393828663275
889	0.03240321666357034
890	0.03242590982428111
891	0.03235312178897223
892	0.032164074770399266
893	0.032042769106798846
894	0.032027257438772445
895	0.03185962905639664
896	0.031860406487204104
897	0.03185050844103161
898	0.03173822976118282
899	0.03162670792851943
900	0.031479839538129266
901	0.03143151744378993
902	0.03139622667357236
903	0.03129122093374222
904	0.03116292984717521
905	0.031157538940346865
906	0.03104014903048574
907	0.030927860458777764
908	0.03085205336474687
909	0.03085514510338456
910	0.030801271054067113
911	0.03064798352748545
912	0.03048506699159587
913	0.030473119441798414
914	0.03034853221484688
915	0.030289117176570277
916	0.030313305226620436
917	0.030164389619208025
918	0.03014443023773954
919	0.029996637225930708
920	0.029934122276350266
921	0.02990183231088965
922	0.029773985883453286
923	0.02976343125770907
924	0.02960338446074971
925	0.029669371607876104
926	0.029499905568823887
927	0.02940505787668963
928	0.029288734070872263
929	0.02934797127512816
930	0.029163730025435774
931	0.0290566245970301
932	0.02896671196008089
933	0.028953649028432126
934	0.028863748908147562
935	0.028809132423894147
936	0.028751430880917785
937	0.028736075741850855
938	0.028617835281165196
939	0.02855075432773437
940	0.02838617305243306
941	0.02842713684396352
942	0.028345595851177952
943	0.028156560179482374
944	0.02815702460688596
945	0.028029213140984513
946	0.027970666317720036
947	0.027927198728511363
948	0.027856890381341492
949	0.027756185627374298
950	0.027740681875954017
951	0.02757984082791538
952	0.027503522585484247
953	0.02750521966200152
954	0.02743689180894611
955	0.027328942614145365
956	0.027217562787704624
957	0.02722476458453067
958	0.02710036700084189
959	0.027127278322280526
960	0.026983512359300032
961	0.02689817708816524
962	0.026845210201938478
963	0.0267536127773677
964	0.026751831938108987
965	0.026698168623591173
966	0.026667598720554797
967	0.0265151542762212
968	0.026440900727881998
969	0.026422198883202287
970	0.026311084440415907
971	0.02620366231189955
972	0.026144697087058164
973	0.02610039329556315
974	0.026050806136748653
975	0.025986011788947348
976	0.025845308130963494
977	0.025782051888703094
978	0.025737053957298674
979	0.02574820908301575
980	0.02576053749895589
981	0.02555106333991715
982	0.02555334896995975
983	0.025371763486539446
984	0.025357901136538866
985	0.025304742378528054
986	0.025251277557844776
987	0.025118476335811993
988	0.025118807051647346
989	0.02509395393988967
990	0.024811997461586566
991	0.02489340350771661
992	0.02479378515560495
993	0.02480445052024517
994	0.02465324409168146
995	0.024611530334198318
996	0.02464246998433858
997	0.024505839049991863
998	0.024510287690281227
999	0.024259070076858062
1000	0.024209877368661002
1001	0.024254270072808545
1002	0.024179575216585557
1003	0.024205009407649376
1004	0.024079360688491546
1005	0.024009407861509607
1006	0.023962756927345032
1007	0.023883129320433395
1008	0.02378111084301805
1009	0.023784783607948022
1010	0.023738264256886615
1011	0.02358127134067132
1012	0.023540205979401176
1013	0.02350130862414887
1014	0.023404051113915636
1015	0.023388541760223255
1016	0.02326019152151226
1017	0.023273142051325902
1018	0.023074822475779803
1019	0.023207408450328256
1020	0.023044356972176935
1021	0.023058397402553152
1022	0.023028917452366692
1023	0.0228379541047936
1024	0.022852709721873782
1025	0.022695578694132384
1026	0.022733179856372274
1027	0.022630474518735323
1028	0.02257516894347089
1029	0.02253748310258314
1030	0.022512279877894604
1031	0.02242765360068026
1032	0.02236890805235324
1033	0.022267288716589135
1034	0.02222655990022275
1035	0.022273266309793618
1036	0.02211625588713277
1037	0.022077226233908766
1038	0.02195322907932105
1039	0.02195889689300955
1040	0.021932372556076444
1041	0.021825736016855807
1042	0.021741700562154537
1043	0.021767870549421614
1044	0.021654333763683642
1045	0.021480567111408503
1046	0.021537957037099972
1047	0.021517414553842092
1048	0.021446909888574065
1049	0.02138463032202683
1050	0.021368329261117324
1051	0.021264800244042474
1052	0.02119035162482853
1053	0.02126504979981859
1054	0.021108517963261943
1055	0.021055505822087053
1056	0.020948560027503896
1057	0.020955311821399855
1058	0.021026981776802272
1059	0.020832372361392015
1060	0.020877979810431456
1061	0.020726124500467385
1062	0.020638707204119137
1063	0.02068660594372493
1064	0.020610531541510903
1065	0.0204905904177533
1066	0.0204536523789246
1067	0.02049758781026512
1068	0.020363333833905883
1069	0.02041129005765934
1070	0.020223911263818565
1071	0.020226947426201805
1072	0.020081116055685844
1073	0.020069258539788547
1074	0.020023570243876566
1075	0.01996807813697603
1076	0.019928873356463216
1077	0.019804360290010276
1078	0.019792446878852257
1079	0.019799981268376954
1080	0.019661280524209738
1081	0.01966588114475635
1082	0.01957149309619519
1083	0.019595613177891477
1084	0.01946661394500587
1085	0.019521364062670604
1086	0.019404492035890352
1087	0.01942292180785921
1088	0.019345440663536457
1089	0.019294029373938287
1090	0.01918331537878965
1091	0.0191961701589102
1092	0.019102862616685198
1093	0.01907287995651999
1094	0.019080789011004576
1095	0.019008919220937594
1096	0.01888641905618847
1097	0.018854708798985712
1098	0.01882340922700988
1099	0.01872257153462511
1100	0.01874230980740201
1101	0.01865278595074435
1102	0.018662795568009732
1103	0.01856138567325645
1104	0.01849904992700606
1105	0.01849089785205615
1106	0.018455891271349157
1107	0.018390419975445337
1108	0.018354502111563926
1109	0.018304419060824372
1110	0.01826804659791131
1111	0.01816952291889383
1112	0.018067189043803458
1113	0.01807127008271832
1114	0.018141234637841425
1115	0.017937374431567784
1116	0.017925928825690593
1117	0.017921253761531825
1118	0.017884838368663804
1119	0.01780196574062725
1120	0.017719156464969247
1121	0.0177552864989197
1122	0.017719595538352055
1123	0.017635235827939775
1124	0.017586032311278584
1125	0.01751742693843521
1126	0.017471524873003515
1127	0.01744275546149851
1128	0.017398068375352873
1129	0.01728405549441496
1130	0.01719391937164221
1131	0.01719847766927056
1132	0.017202364017102206
1133	0.017172961003054692
1134	0.017089615258783008
1135	0.017033388876061314
1136	0.017047786934697908
1137	0.017027149634479034
1138	0.016873509839034163
1139	0.016854961609651116
1140	0.01679522874745322
1141	0.016741937878326837
1142	0.016736806232205036
1143	0.01676358143697714
1144	0.01673427982943031
1145	0.016636380237534266
1146	0.016545265381488365
1147	0.016585797947435945
1148	0.01644285010405634
1149	0.016431744940827154
1150	0.016398457228550652
1151	0.016307958680851803
1152	0.01630860877101949
1153	0.016266769836782196
1154	0.016225776721471158
1155	0.01621805840316635
1156	0.016221847308476346
1157	0.016087204046000576
1158	0.01610505073604446
1159	0.016024328205142668
1160	0.015977097111267463
1161	0.015963475390841038
1162	0.015896323675147622
1163	0.01583263275514693
1164	0.015810638699198333
1165	0.015779937226330015
1166	0.01574592635687073
1167	0.015597641805834873
1168	0.01571572973529199
1169	0.01563603363122567
1170	0.0155310521611592
1171	0.015513424726049578
1172	0.01553012970566502
1173	0.015410707902491256
1174	0.015361960998310054
1175	0.015367698051038724
1176	0.01531359834196097
1177	0.0153228885071819
1178	0.015193633549956662
1179	0.015201900364687028
1180	0.015197141045152216
1181	0.015110618427662465
1182	0.01502725405933696
1183	0.015081027517428174
1184	0.014915645740628229
1185	0.014924659123811728
1186	0.014950083476873934
1187	0.01482888672942952
1188	0.014782918902905635
1189	0.01473765534307085
1190	0.014735752740324516
1191	0.014657495199929992
1192	0.014675724546465246
1193	0.014585644141903286
1194	0.014623441066293721
1195	0.014598388691967602
1196	0.014537288144118447
1197	0.014445283998688193
1198	0.014519567460011375
1199	0.014444892918544004
1200	0.014366241200635864
1201	0.01436774109599837
1202	0.014246445577085971
1203	0.014295906370592436
1204	0.014182897092179726
1205	0.014100994729092814
1206	0.014124550215078855
1207	0.014025950645461624
1208	0.01399621561793661
1209	0.013975097172485674
1210	0.014009618089849202
1211	0.013884405810452813
1212	0.013905874501889005
1213	0.013897197489654385
1214	0.013815718479704803
1215	0.013773412219383573
1216	0.013733438619994955
1217	0.01367154932930019
1218	0.01362549114107559
1219	0.013599217249519346
1220	0.013535000609373349
1221	0.013547006980769946
1222	0.013510461214144615
1223	0.013523880419744535
1224	0.01337905106737705
1225	0.013424310345836627
1226	0.013374587938446349
1227	0.013261683970754074
1228	0.013271923971311472
1229	0.01319767283344241
1230	0.013166501728226452
1231	0.013163161623569923
1232	0.013104966452082504
1233	0.013142300205908371
1234	0.013050767200465205
1235	0.013013040594616054
1236	0.012903703784107252
1237	0.012944906453781813
1238	0.012905299018989552
1239	0.012900871267735902
1240	0.012873764123375559
1241	0.012774712626923132
1242	0.012805362073368087
1243	0.012748155095067295
1244	0.012677694920470139
1245	0.012662439750178354
1246	0.0126344577064862
1247	0.012652012489567549
1248	0.012566493418588233
1249	0.01257071454069153
1250	0.012506420882636435
1251	0.012445697139639372
1252	0.012435635408746313
1253	0.012462119401154142
1254	0.012322672396925331
1255	0.012340019886498235
1256	0.012254986655225777
1257	0.012223276409694412
1258	0.012196076725716362
1259	0.012182149305811558
1260	0.012175040107915433
1261	0.012115194952297044
1262	0.012063777328547323
1263	0.012048963465996732
1264	0.012038233035539804
1265	0.011982602613543378
1266	0.011927206981725764
1267	0.011929615985485142
1268	0.011907990479192061
1269	0.011891162364687836
1270	0.011812741690870501
1271	0.011782056523571305
1272	0.01169458043287637
1273	0.011734709381127039
1274	0.011694818559203665
1275	0.011739784749111422
1276	0.011587377828922876
1277	0.011575900279735225
1278	0.011596784797263482
1279	0.011515822785972088
1280	0.011486491262780864
1281	0.011459180203162665
1282	0.011485690582158571
1283	0.011359658941620847
1284	0.011334756130216615
1285	0.011349893469353924
1286	0.011343569029795091
1287	0.011295180155215032
1288	0.011266147293508784
1289	0.011206512629245722
1290	0.01118529791366661
1291	0.011124513641714661
1292	0.011084693550838971
1293	0.01111342909390058
1294	0.011013288474341345
1295	0.010998971596466504
1296	0.011015342874497841
1297	0.010939006826607001
1298	0.010894782729279432
1299	0.01091239038053432
1300	0.010793439086590799
1301	0.010818305539908542
1302	0.0107628167373728
1303	0.010774382170048058
1304	0.010697295024615742
1305	0.010670689432135887
1306	0.010624126876956899
1307	0.010690006306517992
1308	0.010605321211925976
1309	0.010529810996541076
1310	0.010535991652937027
1311	0.010500746180891423
1312	0.010516678066995832
1313	0.010403693737137183
1314	0.010382683174493814
1315	0.01036485797855752
1316	0.010347551639624435
1317	0.010354774842540325
1318	0.010340551238525099
1319	0.010284094683900036
1320	0.010262454077086293
1321	0.010175837153129214
1322	0.010218049240116161
1323	0.010127119685179946
1324	0.010187933371068658
1325	0.010051324867847999
1326	0.010062585092395993
1327	0.010042665744604152
1328	0.0099595141199587
1329	0.009966328654864113
1330	0.009924948942263163
1331	0.009941113510652341
1332	0.009875371368143659
1333	0.009855529045766871
1334	0.009822291716599055
1335	0.009875350205342703
1336	0.0097731195846494
1337	0.00971815200881306
1338	0.009764922952549115
1339	0.009713482198389982
1340	0.00963469540584157
1341	0.009618029359400725
1342	0.009613866583836107
1343	0.009666115032584844
1344	0.009513177201290883
1345	0.009549438195356141
1346	0.009556512073669522
1347	0.009488537165547784
1348	0.009481493450576852
1349	0.009439502688433148
1350	0.009394958533025565
1351	0.009376904860479757
1352	0.009324084050504096
1353	0.009350635360868298
1354	0.0092516038529151
1355	0.009264706581534325
1356	0.009223618108207493
1357	0.009197948298025654
1358	0.009162261869622362
1359	0.009179260903888218
1360	0.009138667616256271
1361	0.00914267100155605
1362	0.00908295108376656
1363	0.009041346846067758
1364	0.009075994966364772
1365	0.009004118214120206
1366	0.008948044756670635
1367	0.008905440781215442
1368	0.00888274297654364
1369	0.008851379543048965
1370	0.008812632596394733
1371	0.008838990742016948
1372	0.008851993231954399
1373	0.008777541943716983
1374	0.008734592286700083
1375	0.008771735309825031
1376	0.00870568570273492
1377	0.008727265420208822
1378	0.008631041843717826
1379	0.008663128652559311
1380	0.008587111840368245
1381	0.0085552151695071
1382	0.008547869995013814
1383	0.008549046366734462
1384	0.00850140717288218
1385	0.008483525302423077
1386	0.008424498407210794
1387	0.008429215807299696
1388	0.008408708589871822
1389	0.008379040764460945
1390	0.008325781009153209
1391	0.008326705970000455
1392	0.008286305241894207
1393	0.008248969445978084
1394	0.008279506328011478
1395	0.008254010305807545
1396	0.008180984184136361
1397	0.00815997665033688
1398	0.008174859039116491
1399	0.008082686721023266
1400	0.008113559650746692
1401	0.008035667105693966
1402	0.008058537841915401
1403	0.008039029128489788
1404	0.00800811558482365
1405	0.007961066218126988
1406	0.007942821114547267
1407	0.007966314592215456
1408	0.007897572276568973
1409	0.007877359905615826
1410	0.007849128332739833
1411	0.007845513480067285
1412	0.007805240267807899
1413	0.007797337661961944
1414	0.007772378842354135
1415	0.007703153863639555
1416	0.007762504337112246
1417	0.0076699764954820905
1418	0.007737095479337288
1419	0.007629315742178569
1420	0.007647207488453185
1421	0.007587099377352892
1422	0.007529222938578189
1423	0.007584423231324441
1424	0.007545880772885443
1425	0.007467160496981441
1426	0.007464640801830613
1427	0.007451793357653117
1428	0.007411974032004645
1429	0.007334210186491076
1430	0.007378865757290593
1431	0.00733445582999325
1432	0.0073084326708940574
1433	0.007254493944586628
1434	0.007268854548787426
1435	0.0072644123863423535
1436	0.007207656342847742
1437	0.007178291936796879
1438	0.007198991197897861
1439	0.007195333879044741
1440	0.007176440547122462
1441	0.007088582429971654
1442	0.007094436485542317
1443	0.007068276374670914
1444	0.007041524967336102
1445	0.007052488346819977
1446	0.0070520337072607795
1447	0.006986536890910055
1448	0.007021194753203199
1449	0.006986177610512782
1450	0.006856571231631894
1451	0.006870543438645713
1452	0.0069123770642340555
1453	0.006844173397249934
1454	0.0067673913820444805
1455	0.0067896135463820315
1456	0.006776489532691558
1457	0.006741115324695457
1458	0.006755052100635377
1459	0.00669632911934127
1460	0.0066488685118733185
1461	0.006711576205482196
1462	0.006602868587720869
1463	0.006589465023057409
1464	0.006611260683945417
1465	0.0066228359208446675
1466	0.006562043348867026
1467	0.00654684200431273
1468	0.00643859821277991
1469	0.00654996009070602
1470	0.006440999463587921
1471	0.006395038994861264
1472	0.006437160478546772
1473	0.006410562860102533
1474	0.006395148933069341
1475	0.0063656836055522945
1476	0.0063615569827602724
1477	0.006316006963853392
1478	0.006272899684766952
1479	0.006258769252394191
1480	0.006262411066614714
1481	0.0062973327537859895
1482	0.006212055616527893
1483	0.006199209429607476
1484	0.00615889317101607
1485	0.006110501875721474
1486	0.006115992212219442
1487	0.0060588155968345405
1488	0.006103298909116124
1489	0.006103368590048806
1490	0.006056518206388271
1491	0.006039827182457642
1492	0.006031136834038307
1493	0.0059919359121561495
1494	0.0059203688797509315
1495	0.005912485586156243
1496	0.005910593675454863
1497	0.005949135339887448
1498	0.005839130138854942
1499	0.005903584306618149
1500	0.005856137533392886
1501	0.005785788455560037
1502	0.005755064952416889
1503	0.005796909842396617
1504	0.005713937337588852
1505	0.005731841662427387
1506	0.005713167203933701
1507	0.0057425216452305985
1508	0.0056828637467651495
1509	0.005656412118646262
1510	0.005649751253693978
1511	0.005629938955764912
1512	0.005622756087093548
1513	0.005603567186294384
1514	0.0055733516245704585
1515	0.0055590097417302885
1516	0.005561552894015315
1517	0.005518838979581625
1518	0.005519808911816363
1519	0.0054362557942382725
1520	0.005431054897457463
1521	0.00542249534886176
1522	0.005438991294013963
1523	0.005371827879356473
1524	0.005379178697679189
1525	0.005302678160817329
1526	0.005340335936101995
1527	0.005325180838733785
1528	0.005353854818464292
1529	0.005292305048302027
1530	0.005263368661469392
1531	0.005263857033293021
1532	0.005206058901598904
1533	0.005212689525361315
1534	0.005211603411211998
1535	0.005178913339803574
1536	0.005148456789250913
1537	0.005187703047594829
1538	0.00506701518633141
1539	0.00511100203961188
1540	0.00512516642480734
1541	0.0051002141951443595
1542	0.005052522992182302
1543	0.005015026190234858
1544	0.005008041200513981
1545	0.005020741609577666
1546	0.004981577208682058
1547	0.004964575424514911
1548	0.004983160735390435
1549	0.004871508070149582
1550	0.004931942932858247
1551	0.0049543400668304715
1552	0.004874011358691008
1553	0.004907557022914367
1554	0.00485587680066238
1555	0.004822354538797943
1556	0.004848363955569399
1557	0.004813672650987353
1558	0.004803797303765694
1559	0.004748221312116448
1560	0.004779598334968195
1561	0.004762763574567831
1562	0.004756645863829444
1563	0.004746060028734725
1564	0.004680068519292893
1565	0.004657842695001751
1566	0.004698584044703365
1567	0.004633985972091134
1568	0.004583554698783992
1569	0.004585663927188212
1570	0.004573095485922761
1571	0.004577825516332079
1572	0.004607452292929663
1573	0.004567835961586041
1574	0.004528219037974398
1575	0.004510813566736027
1576	0.004530342150605696
1577	0.004475861008356301
1578	0.0044827520265514785
1579	0.004473918436302479
1580	0.00447688497013061
1581	0.004421883099410605
1582	0.0044266795206351775
1583	0.004420907729539463
1584	0.004404395942356285
1585	0.004375730791979355
1586	0.00435102214122264
1587	0.004390235553556322
1588	0.004349321223166996
1589	0.004300751521014775
1590	0.004287117891209108
1591	0.00430030007673045
1592	0.004277256709974508
1593	0.004287724895217846
1594	0.004246289242449552
1595	0.00424257195206034
1596	0.004248678129111125
1597	0.00421787490544008
1598	0.004150288602374641
1599	0.004264309039105703
1600	0.004172433122817885
1601	0.004130174665468245
1602	0.004164775429236589
1603	0.004096706795378513
1604	0.004159163151428671
1605	0.004102217738470884
1606	0.004080507127056983
1607	0.004115019716820962
1608	0.004041199324949159
1609	0.004047738225752143
1610	0.004054828098363063
1611	0.004037054962781007
1612	0.004043776330911263
1613	0.003985259559275377
1614	0.003992555389685978
1615	0.0039445675207314375
1616	0.003957877006371027
1617	0.003979246195188174
1618	0.003909710948988248
1619	0.0038949105511773426
1620	0.0038613909831759757
1621	0.003921414571716095
1622	0.003885747169209118
1623	0.003893402014488906
1624	0.0038294988981415474
1625	0.003841647346386519
1626	0.0038113899176099877
1627	0.003810548329759665
1628	0.003837141107689602
1629	0.0037550523555617593
1630	0.003810782969344484
1631	0.003785563437948155
1632	0.003765478480516266
1633	0.0037724961474437883
1634	0.003729451481922103
1635	0.003779507627276018
1636	0.0037278886374010668
1637	0.0037440475087203062
1638	0.003701076423569891
1639	0.00369519514241433
1640	0.003663268427548654
1641	0.003669024315139367
1642	0.0036864539387399405
1643	0.0036501828441624358
1644	0.0036786162614723212
1645	0.003602595362314546
1646	0.0035784680765534507
1647	0.0035984456321952376
1648	0.0035600748804338216
1649	0.0035785322304652915
1650	0.003557222577752434
1651	0.0035578387500289025
1652	0.0035725799164738575
1653	0.003514472565947691
1654	0.00351145816760371
1655	0.003530196276619288
1656	0.003520606260792228
1657	0.0035047166393780676
1658	0.0034663025812611964
1659	0.003456661342690846
1660	0.0034717971034958555
1661	0.0034809130249132307
1662	0.0034278546414803317
1663	0.0034177081348881954
1664	0.0034334505454247438
1665	0.0034041920442029073
1666	0.003407512690977042
1667	0.0033463654191541797
1668	0.0033925368738462465
1669	0.003378343888968841
1670	0.0033482775875577496
1671	0.003364464531434791
1672	0.0033095812415628208
1673	0.003331018235047663
1674	0.003361992662675334
1675	0.00330520156860294
1676	0.003308015793134459
1677	0.003309466315643118
1678	0.0032804074702272854
1679	0.003222566505245617
1680	0.003243034689813056
1681	0.0032565234100676616
1682	0.003246945236772248
1683	0.0032102397826013407
1684	0.003186558711991666
1685	0.0032446894705617825
1686	0.003203863587849776
1687	0.003167944304239976
1688	0.0032062839238752422
1689	0.003178567024355569
1690	0.0031854160339880888
1691	0.0031662129443778787
1692	0.0031355483454574814
1693	0.0031542726095441474
1694	0.003131854299734988
1695	0.0031441547314747117
1696	0.0030948350409156595
1697	0.003109872485058807
1698	0.003110781183026422
1699	0.0030244906145500705
1700	0.0030519466934293203
1701	0.003000438173692759
1702	0.003019401928758639
1703	0.003001138201070136
1704	0.0030133577396862414
1705	0.003008458588408233
1706	0.0029981096884822422
1707	0.0030047599062402956
1708	0.002965117330308814
1709	0.0030176418861564015
1710	0.002967943225293297
1711	0.002950676301025615
1712	0.002968275352064959
1713	0.0029449287035846626
1714	0.0029370527561940387
1715	0.0029351247854824663
1716	0.0029027773821909543
1717	0.002874137111358233
1718	0.002847062558477988
1719	0.0029353101453432856
1720	0.002877348727741794
1721	0.002858815899152267
1722	0.002892998892332632
1723	0.002807976556161021
1724	0.0027982706678824337
1725	0.0027732101388167857
1726	0.002834385020978321
1727	0.0028311587412002824
1728	0.002786017519840099
1729	0.002767093422697455
1730	0.002762745937071882
1731	0.002775908841151626
1732	0.002763963324889371
1733	0.0027542836230071426
1734	0.0027315723967235818
1735	0.0027054019234843967
1736	0.0027330573623482574
1737	0.0026979384126068766
1738	0.002704511216463469
1739	0.0027299938519652228
1740	0.002646300753143714
1741	0.0027290592410737042
1742	0.0026839081092302863
1743	0.002657449138656678
1744	0.002676409753732157
1745	0.002629132315398287
1746	0.0026268666489052054
1747	0.002629303441637432
1748	0.002596710337381124
1749	0.0026395532757016484
1750	0.0025477527843204596
1751	0.0025959935574148664
1752	0.002539691532674564
1753	0.002575511409852886
1754	0.0025430019818234906
1755	0.0025373853942178954
1756	0.002526004491471533
1757	0.002554933589247977
1758	0.0025368029499712743
1759	0.00249394620401267
1760	0.0025150047963252748
1761	0.0025081137729114278
1762	0.002524530048084557
1763	0.0025007548908312282
1764	0.0024891898635154303
1765	0.0024836197003511563
1766	0.0023949265985328564
1767	0.002440750794049937
1768	0.0024110375858588744
1769	0.0024239209544051126
1770	0.0024411690614134745
1771	0.0024212370282181137
1772	0.0023927287056280636
1773	0.002381410039297299
1774	0.0023823257099585436
1775	0.0024164883850787285
1776	0.00235867644657248
1777	0.0023845816578572034
1778	0.0023537682676513603
1779	0.002345349412921412
1780	0.0023527963025364055
1781	0.002347436252585823
1782	0.00230214477788829
1783	0.002322712751568853
1784	0.0022690808080552704
1785	0.00229355598513484
1786	0.0023054860491918457
1787	0.002290005318706656
1788	0.002256887811963546
1789	0.002299911261250464
1790	0.0022677888656320476
1791	0.0022662050695165426
1792	0.002231864536951155
1793	0.0022221436867076983
1794	0.002202668476869368
1795	0.002199976360725416
1796	0.0022185838232568946
1797	0.0022271162872047677
1798	0.0022269359744471907
1799	0.0021902276708734587
1800	0.0021829168442196053
1801	0.002129828079980262
1802	0.002175779684745334
1803	0.002162898048193785
1804	0.0021756152009266057
1805	0.0021287209035088734
1806	0.0021202847815926184
1807	0.002100119351435668
1808	0.002090310631449338
1809	0.0020930898475741747
1810	0.002092722824954655
1811	0.0020859138096157247
1812	0.0020325748464352605
1813	0.0020610939379518646
1814	0.0020862191453594986
1815	0.0020674684788142992
1816	0.002096003326137291
1817	0.0020367982190476887
1818	0.002033775997427927
1819	0.0020404429483592956
1820	0.0019692169914324958
1821	0.0019796416550421697
1822	0.0020377214132888243
1823	0.002002790061553104
1824	0.0019895486257232374
1825	0.001973039873094953
1826	0.001967604826339845
1827	0.0019254203010752762
1828	0.0019671454819162855
1829	0.001973282336332835
1830	0.0019976342363435635
1831	0.0019446085101492716
1832	0.0019263199767063455
1833	0.001901326947919682
1834	0.0019445265636557434
1835	0.0018900367455400046
1836	0.0019077098192690173
1837	0.0019022370455633916
1838	0.0018828406863079241
1839	0.0019052851703403803
1840	0.0018875367531119877
1841	0.0018560505487206444
1842	0.0018441898016905212
1843	0.001847876314084506
1844	0.0018749836895205893
1845	0.0018455171876411275
1846	0.0017793219554425369
1847	0.001825743408403104
1848	0.0018210169807127586
1849	0.0018202438323743008
1850	0.001814871841651991
1851	0.001813344492191061
1852	0.001842145305518921
1853	0.0017487258975571332
1854	0.0017578974479999787
1855	0.0017540268676213932
1856	0.001729350583933879
1857	0.001755599394663074
1858	0.0017173954736621256
1859	0.0017184377652253663
1860	0.0017164520938285762
1861	0.0017229988312824312
1862	0.0016896670147285237
1863	0.0017015086253912173
1864	0.0016963495631644684
1865	0.001712201351349525
1866	0.0016764772779228846
1867	0.0016928538364430637
1868	0.0016727428279408052
1869	0.0016917472234563758
1870	0.0016935250917016627
1871	0.0016464309491674987
1872	0.0016656557136799082
1873	0.0016403899685242449
1874	0.0016654944090638319
1875	0.0015926265107258006
1876	0.0016031476798234368
1877	0.001625307812240195
1878	0.0016084923510655852
1879	0.0016030885465510738
1880	0.0015812088254996979
1881	0.0016131063009165874
1882	0.0015908514755601463
1883	0.0015570608719751178
1884	0.0015380196104330724
1885	0.0015691575539281413
1886	0.0015546900517833502
1887	0.0015707079928668794
1888	0.0015510182824084017
1889	0.001575171896046419
1890	0.00153726018990493
1891	0.0015027634676170098
1892	0.0015174693146883045
1893	0.0015109077931110592
1894	0.0014899946434377936
1895	0.001512905533586492
1896	0.0015062105777943022
1897	0.0014613327068771793
1898	0.0014799363704440594
1899	0.0014829503668763878
1900	0.001435387854357617
1901	0.001448825537901586
1902	0.001452512723392574
1903	0.0014537145220721967
1904	0.0014116436563846144
1905	0.0014027668492598258
1906	0.0013930375116925492
1907	0.0013828969498393922
1908	0.0014437613695893236
1909	0.0014042877579438578
1910	0.0013840343298660662
1911	0.0013887089459724972
1912	0.0013691274915865065
1913	0.0013634118604382722
1914	0.001362030931005758
1915	0.001352215895926014
1916	0.0013056537899600032
1917	0.0013329534855570564
1918	0.0013201470919000412
1919	0.0013250181058643937
1920	0.001327324185366781
1921	0.0012953901401185639
1922	0.0012910069555693105
1923	0.0012946371717236676
1924	0.0013060732272027796
1925	0.001247924233200143
1926	0.0012988319952040661
1927	0.001230066883119856
1928	0.001230548486710769
1929	0.001235511353877854
1930	0.0012567757311950792
1931	0.0012387582391341716
1932	0.0012417829878176364
1933	0.0012221727277106902
1934	0.001209492820702064
1935	0.0012134009011943777
1936	0.0012126454644648752
1937	0.0012274976704532477
1938	0.001186731039941802
1939	0.0011922301643912713
1940	0.0011924716054188096
1941	0.001188522326725019
1942	0.001170313853149325
1943	0.0011475246054634505
1944	0.0011848967448687322
1945	0.001148997065675921
1946	0.001157839793207882
1947	0.0011695134384706366
1948	0.0011811398472048396
1949	0.0011432101402880138
1950	0.0011223613649903946
1951	0.0011342762126510294
1952	0.0011271251129599093
1953	0.001126501677470738
1954	0.001112692117341166
1955	0.0010685669589680328
1956	0.0010962664317654492
1957	0.0010862262067958819
1958	0.001064902066971114
1959	0.0010828175546622179
1960	0.0010648286579116434
1961	0.0010772008094353121
1962	0.0010501769323951918
1963	0.0010437957891994735
1964	0.0010474526930587898
1965	0.0010495599511954972
1966	0.0010432332716582672
1967	0.0009844537735163358
1968	0.0010380444705606173
1969	0.0010047452863767728
1970	0.0009703588804629118
1971	0.000988255799725455
1972	0.000990586434425794
1973	0.0009613166983766273
1974	0.0009940419174178554
1975	0.0009645631596593554
1976	0.0009489253001170375
1977	0.0009661792733159258
1978	0.000959540253225103
1979	0.0009340315186653291
1980	0.0009311713742314723
1981	0.0009431074888216771
1982	0.0009314366209187115
1983	0.0009240127059676746
1984	0.0008620406129855116
1985	0.0009244468720217187
1986	0.0008744088113315446
1987	0.0008931272004522013
1988	0.0008841197294248337
1989	0.0008901844190353513
1990	0.0008252798344081296
1991	0.0008675364440154546
1992	0.0008963776540138601
1993	0.0008436207296043598
1994	0.0008520966490017075
1995	0.0008604708837722352
1996	0.0008311382891798214
1997	0.0008415643200322889
1998	0.0008135220191628649
1999	0.0008045992028229777
2000	0.0008236495750403198
2001	0.0008106276048287088
2002	0.0008352003060947599
2003	0.0008171131742923413
2004	0.0007915755258763378
2005	0.0007678810350551708
2006	0.0007745936590911112
2007	0.0007952852749028889
2008	0.0007955124043750295
2009	0.0007530852435960571
2010	0.000746255104727846
2011	0.000744520749773065
2012	0.0007472343490555418
2013	0.0007426436939287078
2014	0.0007512850556463039
2015	0.0007202215603181316
2016	0.0007182830385826583
2017	0.0007221369598095704
2018	0.0007626465068851815
2019	0.0007416928806299814
2020	0.0007041439694074283
2021	0.0007439102532393197
2022	0.0007021279444521919
2023	0.0007104960629481734
2024	0.0006982500696080182
2025	0.0006866081301642626
2026	0.0007213562830105163
2027	0.0006713123409919694
2028	0.0006958273771424346
2029	0.0006556523806975271
2030	0.0006685554957923028
2031	0.0006725032632517725
2032	0.000635775316475012
2033	0.0006727999780358738
2034	0.0006946486215919833
2035	0.0006395343399196473
2036	0.0006547712053367202
2037	0.0006114457248021246
2038	0.0006504029030736494
2039	0.0006070061838146474
2040	0.0006145389321094749
2041	0.000606132842587587
2042	0.000619601848022618
2043	0.0005904514071804596
2044	0.0006014670347284548
2045	0.0006078276924210514
2046	0.0005877012341429343
2047	0.0006170508453867648
2048	0.0005882423650019029
2049	0.0005978961891759126
2050	0.0006039112959048029
2051	0.0005834618035300558
2052	0.0005766252207361916
2053	0.0005481885255454379
2054	0.0005337930127621254
2055	0.0005401382877054542
2056	0.00058185882371528
2057	0.0005475567181650778
2058	0.0005277418344547408
2059	0.0005519805834113221
2060	0.0005249934592596307
2061	0.0005182880522119287
2062	0.0005346560271810195
2063	0.0005237781853570219
2064	0.0005172776033197754
2065	0.0005090444064104021
2066	0.0005287110958137294
2067	0.0005016937060179921
2068	0.0004974597751377167
2069	0.0005058011830554845
2070	0.0004895498117689836
2071	0.0005036910384516148
2072	0.0005064587850377524
2073	0.00048826920042640746
2074	0.00047068275360986206
2075	0.00048448363467775514
2076	0.0004995328993835494
2077	0.0004745955015580295
2078	0.0004608362189053575
2079	0.00043328277400279155
2080	0.0004724669817650044
2081	0.0004669636623881604
2082	0.0004555867331064239
2083	0.0004590952642331321
2084	0.00046023848808942377
2085	0.00043966941265537944
2086	0.00045102376102766634
2087	0.00043257856784436265
2088	0.00041968793966972487
2089	0.00041921967302307523
2090	0.0004106363894407696
2091	0.00041785897697346356
2092	0.0004251243754032638
2093	0.00044754891463116923
2094	0.00040126405621766775
2095	0.00041111389870680673
2096	0.00040501563835690244
2097	0.00043501598465966253
2098	0.0003928102074425166
2099	0.000380282940940806
2100	0.0003896734571482631
2101	0.0003820737046282391
2102	0.00039092580392795137
2103	0.00038382710420216377
2104	0.00037051526898595783
2105	0.00039177133304564023
2106	0.0003374069296251573
2107	0.00035164168868782127
2108	0.0003588706689979363
2109	0.00033840671471352136
2110	0.00035667960898609673
2111	0.00031236356915976204
2112	0.0002971111286403058
2113	0.00032122144739332584
2114	0.0003216425862993769
2115	0.0003314500842975506
2116	0.0002992323538641151
2117	0.00033938855147366636
2118	0.00030234895855178637
2119	0.0003125267111786058
2120	0.00031365668640760154
2121	0.00028994936295786636
2122	0.0003039583125149904
2123	0.00029172835514888003
2124	0.00028799719071002824
2125	0.0002902505211502091
2126	0.0002898466305132772
2127	0.0002883086608815715
2128	0.00026771131011219543
2129	0.00023887407139714273
2130	0.0002724090069202934
2131	0.00024609542450105144
2132	0.0002405399534660227
2133	0.00025011923987522497
2134	0.000265081751085641
2135	0.00024263020280657085
2136	0.00025930621102529885
2137	0.00021571959197077943
2138	0.0002444762971722138
2139	0.00023694143520162428
2140	0.00021998146254147103
2141	0.00023076635372688478
2142	0.000231478104187219
2143	0.00022915338272720207
2144	0.00020035738806328509
2145	0.00020944323656829216
2146	0.00022093966332242042
2147	0.0002035840860632843
2148	0.00023564036907778321
2149	0.00020309397428961123
2150	0.00023016195628823975
2151	0.00020217700868232455
2152	0.0002277709271343372
2153	0.00019711645334777526
2154	0.0001929775039369402
2155	0.0001782637337357876
2156	0.00020286279303182212
2157	0.00018310127705437935
2158	0.0001826285872402572
2159	0.00017938744713968943
2160	0.00018930333139086024
2161	0.0001733463569659554
2162	0.0001862137315396246
2163	0.00016492617517716065
2164	0.00018158486112258558
2165	0.00015034963056047082
2166	0.00017430241369580446
2167	0.0001511357076954158
2168	0.00014623859351527488
2169	0.00015438760143906597
2170	0.00015501031971053351
2171	0.00014647293757903216
2172	0.00016068064586721633
2173	0.00014462315187609663
2174	0.00014578960222163574
2175	0.0001450558615827994
2176	0.00014995317650001776
2177	0.00014205865519828297
2178	0.00013143090333992669
2179	0.00012829382742585686
2180	0.00011487372621479305
2181	0.00014842318507005088
2182	0.00013847330235916002
2183	0.00012570373093853017
2184	0.00012510061784211138
2185	0.00011036624209164368
2186	0.00012814724053793587
2187	0.00011551619670771728
2188	0.00010541544303537335
2189	0.00010585970248641255
2190	0.00010298786760638365
2191	0.00010589926862440852
2192	9.897500489998068e-05
2193	0.00012134889752155047
2194	9.920822467500477e-05
2195	0.0001108114952655206
2196	9.904836446347522e-05
2197	0.00011654026266002881
2198	0.00010672933371137009
2199	9.539561107824732e-05
2200	0.00010080147207949874
2201	8.367245533767644e-05
2202	8.897365175564512e-05
2203	0.0001093067815195157
2204	7.036321439093836e-05
2205	0.00010317948052562082
2206	0.00010875469526247957
2207	8.943489618026976e-05
2208	8.698389932024443e-05
2209	8.512581587805195e-05
2210	9.545001703536521e-05
2211	9.11343643623356e-05
2212	0.0001003955032228072
2213	7.226779902888161e-05
2214	8.200986571211582e-05
2215	6.913862226863693e-05
2216	7.812542083364243e-05
2217	9.879083018480275e-05
2218	7.749191589032854e-05
2219	5.8840113195139886e-05
2220	7.486133048901505e-05
2221	7.008383683388515e-05
2222	7.48588727464447e-05
2223	8.322205918420823e-05
2224	7.379906239031518e-05
2225	6.442065203791864e-05
2226	6.656613715897645e-05
2227	6.426402160407211e-05
2228	5.973644399827975e-05
2229	5.727323348746344e-05
2230	6.404573662804877e-05
2231	5.607594053908158e-05
2232	6.0154301398108925e-05
2233	6.241008281190593e-05
2234	5.3067152833243374e-05
2235	5.106941868786098e-05
2236	5.2962959309373745e-05
2237	5.927402458837e-05
2238	6.214437928515962e-05
2239	4.642292244610988e-05
2240	4.3580797380212165e-05
2241	5.042828947523557e-05
2242	3.4775736765472414e-05
2243	2.8492080672316796e-05
2244	4.134112346964251e-05
2245	4.857594254105691e-05
2246	3.392717165113014e-05
2247	3.878415182883471e-05
2248	3.9091773952106e-05
2249	3.209236348844063e-05
2250	2.7529612668430224e-05
2251	3.3113525894099996e-05
2252	3.8393287564237427e-05
2253	3.0164674319643195e-05
2254	3.930559313805295e-05
2255	2.7837808390534222e-05
2256	1.9486594084419845e-05
2257	3.2076756284912905e-05
2258	3.238940956978809e-05
2259	2.2650252540378815e-05
2260	1.812075786634946e-05
2261	3.2248802916171857e-05
2262	1.5274870672432636e-05
2263	1.2362464582879e-05
2264	2.582221158018455e-05
2265	4.630557629560004e-05
2266	2.3530900827545953e-05
2267	2.5291184310961735e-05
2268	1.8398105102054154e-05
2269	9.301982870467626e-06
2270	1.4552285966462587e-05
2271	1.7674724605936912e-05
2272	9.820526391155639e-06
2273	2.081949479696324e-05
2274	1.1993744975295013e-05
2275	1.2911713869685186e-05
2276	1.0128384927360447e-05
2277	1.0166765729885331e-05
2278	1.5084592416810476e-05
2279	1.1657997392381004e-05
2280	1.2803412057307093e-05
2281	1.5511592246074686e-05
2282	1.1841703375515014e-05
2283	1.1400624579069466e-05
2284	1.0050520379278056e-05
2285	4.92646757897465e-06
2286	3.548396160055872e-06
2287	5.559673832468495e-06
2288	3.4579938319914367e-06
2289	5.16733409281878e-06
2290	6.966392287116698e-06
2291	5.5064395146972296e-06
2292	9.115333135317035e-06
2293	6.9609263241447705e-06
2294	7.94754619511226e-06
2295	1.3404825737265417e-05
2296	9.136773338557578e-06
2297	9.449290672297122e-06
2298	9.481474839651632e-06
2299	7.64238592166853e-06
2300	6.844312664871167e-06
2301	3.800904221175528e-06
2302	1.984126984126984e-06
2303	5.675753931214734e-06
2304	3.70919881305638e-06
2305	3.7824181174014398e-06
2306	3.7544584193730056e-06
2307	5.621135469364812e-06
2308	1.9120458891013386e-06
2309	3.877239333578438e-06
2310	1.8825301204819278e-06
2311	6.345177664974619e-06
2316	4.10225770024114e-06
2318	4.240882103477524e-06
2324	1.979022362952701e-06
2325	2.251745102454402e-06
2329	6.141248720573183e-06
2345	4.574565416285453e-06
